"V1" "V2" "V3" "V4" "V5" "V6" "V7" "V8" "V9" "V10"
"1" -0.0619502392015734 0.04884575549443 -0.0165562359874525 0.0955566900906861 0.0130061342915937 -0.00297321016183875 0.0027636604049388 0.00226463211028042 -0.00541482579140602 0.00389763468954636
"2" -0.0474735027912171 -0.0861317801658742 0.103727929292913 0.0266465089401784 1.55983344959779e-05 0.0189123551878027 -0.059828276494481 0.0938338569038128 -0.0391085144453272 -0.0197956668000921
"3" -0.0500771519967527 -0.0758167170649421 -0.0686454559399953 -0.0153206873409612 0.0445144655725943 -0.0233343649241973 -0.194976652988744 -0.196821989590563 -0.0833765414745888 -0.0966993138811383
"4" -0.0585596372270062 -0.00157163209893579 -0.024521120445481 -0.00503090852401455 -0.32475499959308 0.0138057961881164 -0.0284941135496622 -0.0173163136463276 -0.0291121492223394 0.049519705097942
"5" -0.0506868311858225 -0.0722990617568342 -0.0674525739322202 -0.0142528828640026 0.0459174967381213 -0.0307117793976448 -0.215763768505122 -0.210701630699458 -0.0815776229295296 -0.102934066535596
"6" -0.0629702703109341 0.0313678708443743 0.0128206662497997 -0.0722925107625602 -0.00364874564740182 0.0292987815799975 -0.0117024116695249 -0.00858640466599435 0.0452988706213993 -0.0212534033717729
"7" -0.0625056070978077 0.0406893438571916 -0.0139691515529465 0.060738827529093 -0.0190991729137044 -0.00230862267060943 -0.00563794556406745 0.00202436796831416 0.0306675088401292 -0.0541470159151944
"8" -0.06125460077306 0.0501771583886345 -0.0145021284480158 0.0995151324043933 0.0198235568983849 0.00470509734999242 -0.00433631569772489 0.000754783433063094 -0.0369172868833963 0.0522296085211061
"9" -0.0483207045554587 -0.0768022939430214 -0.10559946153382 -0.0122581703210329 0.00994459142412643 0.0138326287792551 0.0146068572505946 0.0175975247622517 0.00803363117909525 -0.0368526808917682
"10" -0.0627123756514335 0.0321798866201282 0.0128650951246581 -0.0762490899085438 0.00859912226708231 -0.0883945800233723 -0.0219030243647707 0.0280768730978962 0.0510717422480837 -0.0571001827066563
"11" -0.057771163174952 -0.00535531487813125 -0.0326186189200644 -0.00333479351449822 -0.33197218147618 0.0190613157419685 -0.030137113022224 -0.021611515972278 -0.0414121329993076 0.0437483780538482
"12" -0.0475878579420876 -0.076994306244978 -0.093955666158777 -0.00589044252467593 0.00128394475919976 0.0115300754991094 0.140777296761475 0.156119689604181 0.0661269348179601 0.0521387469472577
"13" -0.0634406578282787 0.0332579496460946 0.0143215322672815 -0.0803914597937987 0.00479584087544645 -0.0973369287786766 -0.0121228063758766 0.0355402483105492 0.0103861856441693 -0.0228998948370013
"14" -0.0631902343109793 0.0339524081638502 0.0167208446401805 -0.0853043001517361 0.0226906533124334 0.0496598038127024 0.00747663603667897 -0.0157077076254185 -0.010844354658405 0.00767632229054396
"15" -0.0634321340421691 0.0368100568688611 0.0184895505453932 -0.0946475263511698 0.0193376367922031 0.131956209765958 0.00554180359481374 -0.0319233264455684 -0.0445831344203771 0.0610264823394086
"16" -0.0633707419752087 0.0351884532277075 0.0200707496758693 -0.0938022272576485 0.0164567864657187 0.115613657915017 0.00708887279210303 -0.0349705688209104 -0.0415267015601868 0.0489103536281866
"17" -0.0634062237717594 0.0368294559723863 0.0185040359344801 -0.0948047948381822 0.0195384297419647 0.131836086263913 0.00608786556635204 -0.0321520243874145 -0.0440205050407585 0.0613655278501515
"18" -0.0629168260270116 0.0337295338950465 0.0157755349279848 -0.0901314922099337 0.0314016603331786 0.0526872960369977 0.000505122163464562 0.0165552495387372 0.0431686612500687 -0.0279109565847917
"19" -0.0478215564804166 -0.0809714033467712 -0.110970026793932 -0.0134006753348503 0.0221195042301089 0.00247735352572784 -0.0573364374072755 -0.0203391703857996 -0.0290535491697324 -0.00274636763847863
"20" -0.0472003212619394 -0.0837196930432249 -0.0436006435787999 0.000645083473489684 0.0251570403201689 -0.00342015566312936 -2.70079340862256e-05 -0.0376896811894767 0.00758813579323913 -0.00808881249802216
"21" -0.0620941836208527 0.032986543074044 0.00200742397853108 -0.00919918467957867 -0.0266345398816973 -0.0293795793040918 -0.0260132117392379 0.00221980805761914 0.0537364192625079 -0.0830393114294012
"22" -0.0605877429094782 0.0195025303500592 -0.0217904888394144 0.0216237988292486 -0.0707694179395301 -0.0222443936840254 -0.00484036146466433 0.0115235669831432 0.0048251776277326 -0.0712646868380977
"23" -0.0484766473681567 -0.0799568544689595 0.100010435300453 0.0231157174321247 0.00420531624283743 0.0162574437636519 -0.066283036217915 0.0658993849711622 0.00515355278896989 0.032925325902412
"24" -0.0484373402999265 -0.0826926224275601 -0.0927460638275843 -0.0107561693069087 0.0328229225160723 -0.0118830177135789 -0.107093567387524 -0.0848594894245654 -0.0290277035953369 -0.023278798359524
"25" -0.0587091339778341 0.0028134933981769 -0.0247160002811119 -0.00436457191402229 -0.319736379438428 0.0152629555562899 -0.0393289957458888 -0.0117281079718133 -0.0278727627637203 0.0298694359048233
"26" -0.0632959768526821 0.0361382847106785 0.0184376803254413 -0.0922204154011082 0.0234255259080818 0.0577792915274015 -0.00452573573341809 0.00421544749783865 0.020585607924708 -0.0208058970727491
"27" -0.0473703717671823 -0.0832068243928895 -0.113219847352454 -0.0100835544814157 0.0219388876115361 0.0056828291747511 0.0259850515537215 0.0628121911924247 0.0466443274577568 0.0774693719366591
"28" -0.0618644293702122 0.0486752255877786 -0.0147394337804605 0.0951285336015045 0.0236189268520508 0.00340420228900927 -0.000381353880493765 -0.00214754139426269 -0.0381389070286002 0.0521060971772578
"29" -0.0579473879007192 -0.00517979256389626 -0.0322028900140078 -0.00315572403896587 -0.329165213678997 0.0199632325370197 -0.0305168422510816 -0.0211082733893399 -0.0410362051616966 0.0436632991806631
"30" -0.0621340653135189 0.0306100260220687 -0.0123014601956092 0.0377678927515952 -0.0905354908881106 -0.000508621156485448 -0.00443667196800981 0.00158064534673434 0.0215151641754067 -0.0368341856594636
"31" -0.0615655251719105 0.0502587488457438 -0.0142270957894094 0.0946089111918671 0.0240224297909698 0.00707772614329133 -0.00273707529986989 -0.000819612224148114 -0.027251483847397 0.0402033449341638
"32" -0.0478243307011019 -0.0852491314782239 0.103452846876359 0.0287622415182848 0.00221186575846927 0.019680597782628 -0.106100631382196 0.119600000023424 -0.0341130915953418 0.0229541754483974
"33" -0.0480116471683817 -0.079836157532735 -0.0966920380679009 -0.00486235134478513 0.0121706507734402 0.0101918635674195 0.00599370024020357 0.0210283751522941 -0.0115726380605991 -0.0199296502252266
"34" -0.0623177399284834 0.0329694981172991 0.0115321356994159 -0.0561581731300038 -0.0182986265163897 -0.00326967051277831 -0.0263892798540518 0.0250142634548231 0.0702640758797998 -0.0542995753763993
"35" -0.0620627074179632 0.0392789473788424 0.00217730722657093 0.0183047378229318 0.00481987385732104 0.00349561876332724 -0.0242101841611951 0.0173469754575678 0.0549291205049265 -0.0018368652552768
"36" -0.0474004814462718 -0.0838779777809569 0.100285043188629 0.0283413044566618 -0.00229153488265628 0.00186017963517676 -0.0116411554571428 0.0112303353964713 0.00150794478038147 0.00790550542676921
"37" -0.0634138290731892 0.0368963621137588 0.0184750798557939 -0.0949605800673544 0.0191445804356975 0.131271174900402 0.00552610202312585 -0.0321973777062315 -0.0442303964441084 0.0610361324813823
"38" -0.0543571231474583 -0.0346879469409024 0.0713189714226668 -0.0168408055751721 0.0102554575317473 -0.0230284986509615 -0.0600700319905323 0.0834393567315538 0.01543873092421 -0.00505169483642561
"39" -0.0631970305421702 0.0353300788828292 0.0186535308920788 -0.0915071912199795 0.0196453347430376 0.0670300078087407 -0.0013036394892112 0.00381158953631835 0.0044262634598426 -0.00609135083860496
"40" -0.0631445612901504 0.0338010013703361 0.018227317164009 -0.0909963230996427 0.023373479244154 0.0464567106845035 -0.00965101105584991 0.000170438803767742 0.00833066074866396 -0.0263527010199258
"41" -0.0462661314492399 -0.0811326377111304 0.0826176835440942 0.0242531035772916 -0.00964259568524092 -0.0239703368852713 0.0780030205680052 -0.140769819381344 0.135159340035657 0.103736495833681
"42" -0.0485006104399861 -0.0768105626898955 0.089326313022958 0.0246455382540386 0.00362288080398595 -0.0160526722450774 0.0389834476290805 -0.102076408295888 0.100781973050349 0.0952387318068314
"43" -0.0629327464687122 0.0340748544986362 0.0158196490696689 -0.0908014721255547 0.0309095186832519 0.053118468967571 -0.000691034326106599 0.0134642246436781 0.0422537722190841 -0.0281633799878881
"44" -0.0471792816140068 -0.079102049795705 0.0899180382632574 0.0221142715013915 0.00405008820072788 -0.0271343757003108 0.0430279226910185 -0.125611630467538 0.112061373294304 0.103619452069401
"45" -0.0486085248780172 -0.0788122941714923 -0.107651881778385 -0.0112824462425417 0.0156720249645549 0.00867724266797718 -0.0217610765114913 -0.000784097874294158 -0.0192869917823075 -0.0122746236942621
"46" -0.0620274745697413 0.0473240192110678 -0.00902965867490223 0.0648142201270031 0.0406640341660928 0.0430327775701462 0.0077213579643109 -0.0144048057000565 -0.0687378261876616 0.0936255383893207
"47" -0.055631861808434 -0.0201445689152645 0.0118143755834422 -0.0264495990251993 -0.08868705316746 0.00146264023101361 0.10316303721603 -0.0385290831267785 -0.0890199240734369 -0.0266521772014192
"48" -0.0484695198685486 -0.0803572283920427 -0.108257710365661 -0.0148872022231907 0.027191886742897 -0.00793003253819151 -0.0696230072954762 -0.0389745887820673 -0.0140257715352233 0.0131645640170624
"49" -0.0619416234867964 0.0497115817505443 -0.0136886300437603 0.0922044948814408 0.0204587938195099 0.000989035662551885 -0.00455144502177683 0.00109466371011755 -0.024096450103292 0.032486584692441
"50" -0.0626139407908987 0.032378933972226 0.0113462677403814 -0.0640509807965669 -0.0138042380688014 -0.0196658135715476 -0.0215265292698138 0.0147423456263596 0.115814562941228 -0.0731344065945895
"51" -0.0472085140361678 -0.0804182027477247 -0.0912116801236151 -0.0089798222626602 0.00715209328238315 -0.000175157084924555 0.0554549990738112 0.0823750484413912 0.0475040764488486 0.0427589817029399
"52" -0.062166484817561 0.0320987398174435 0.00185869851966826 -0.0108951721772404 -0.0278774455395349 -0.0313400259949873 -0.0267970610272767 0.00160891717335872 0.04074102364753 -0.0765101776783222
"53" -0.0505659535753873 -0.0730761253517102 -0.0678107833299623 -0.014491382554352 0.0388397866071202 -0.0360761517418425 -0.199100288180945 -0.199411242011061 -0.0827387787882676 -0.103962369094477
"54" -0.0629755697810568 0.0334757590317575 0.0124225436355583 -0.0781436476928338 0.0161983856668013 -0.0653793407665469 -0.0205752218414886 0.0369733766039382 0.0369668778329484 -0.0480403469061681
"55" -0.0634859842335646 0.0353650740622717 0.0177823605081812 -0.0899648167011001 0.0126559071938245 0.104421076703509 0.00692553246690574 -0.0225471888900014 -0.0290200854752025 0.0393484327430104
"56" -0.0586477585392585 0.00162681362782103 -0.024994022130588 -0.00527877188629029 -0.318445194003997 0.0146621325203874 -0.037193556045608 -0.0119561870529642 -0.0313677816888491 0.0384702648348668
"57" -0.0614087116880802 0.0505020521605093 -0.01380559032347 0.101597684132884 0.0223545947555796 0.00269762707699857 -0.00554333089086265 0.000624820366755044 -0.0417043220796151 0.0531370898640219
"58" -0.0628642021894423 0.0344253005585892 0.00443606702276808 -0.0314174120202283 -0.00970913725160299 -0.0324837960021298 -0.0268266398860102 0.0150366410221714 0.0644288560275689 -0.0784643801358813
"59" -0.0479000143324626 -0.0791384434121268 0.0879586439982529 0.02287115582094 5.56179553191242e-05 0.00783510514229576 0.000225724294065105 -0.00108069820344895 0.0245987287769088 0.0173619272323638
"60" -0.0606220773501149 0.0272552128842902 0.013161472633707 -0.0582164280046277 0.000954919692569708 -0.153754905476417 0.0359315598735497 0.00549975532074682 -0.0750301168128171 0.0490322026726816
"61" -0.0633967105464254 0.0346524150763535 0.0149721657644397 -0.0856895474280031 0.0150040319260082 0.0839600326963942 -0.00299520519634558 -0.000405939760498315 0.00763212640928442 -0.0167778685115598
"62" -0.0626466434078724 0.0431742258013531 0.00331909334619078 0.000545664145699811 0.0354584470124783 0.0551793224720796 -0.00253861105421193 -0.0120899165069831 -0.0603667142358493 0.0766096978089395
"63" -0.0617375279102541 0.0302005555122772 0.0189260235348708 -0.0735323075658365 0.0192223905153599 -0.195008736914037 0.0120019251445116 0.0152681927612662 -0.07369209317382 0.0497256036824038
"64" -0.0607020098803367 0.043917912977729 -0.00549107956356559 0.089893987208152 0.0183897879783233 -0.0146939440764239 0.0109392313903071 -0.0142410279672725 -0.0470779784217853 0.0632600199316808
"65" -0.050937990406267 -0.073450329559577 -0.0681642534932721 -0.0146327179551507 0.0395862910815989 -0.0212530616599866 -0.19341552666384 -0.192491957422552 -0.0912638252875107 -0.0939474796993766
"66" -0.046793066609674 -0.0750797355860197 0.0771328533366284 0.0233429966950114 0.0251320786657267 -0.0511011016196828 0.0705079152857328 -0.108249313342939 0.137554152937564 0.0737376060282762
"67" -0.0632657586377156 0.0361571514121684 0.0186547018348336 -0.0926932809818952 0.0238399142707139 0.0576135249217501 -0.00458821990902368 0.00438348484910462 0.0213573248069517 -0.0211078748472757
"68" -0.0625287394511373 0.0351000964120179 0.0108097189248323 -0.075185770608447 -0.00562278975184096 0.0313245556836198 -0.0170076916396577 0.0103304218617168 0.110740223697052 -0.0955217028079443
"69" -0.0470420441606519 -0.084135810423725 0.0416193089162826 0.0137854332593176 -0.00193712163355755 -0.00460366328104067 0.151847606575113 -0.0805749125404029 -0.0577778315830003 -0.0790463304017466
"70" -0.0465383235686901 -0.0831602444045138 0.0655236656069874 0.0219419119580524 -0.0116308341436827 0.000482992649985709 0.134676855824718 -0.0719647187317251 -0.0157746566634452 -0.0285012553507041
"71" -0.0627482618225752 0.0319802361117032 0.0128645021593412 -0.0759307182945183 0.00869031568546855 -0.0872872476190148 -0.022083552179782 0.0277148842930434 0.0522112251976486 -0.0570784116765222
"72" -0.0622099642061114 0.0468894605624729 -0.013837063968205 0.08872608608243 0.00569669012682143 -0.000653973735339065 -0.00119342972431119 0.00276656919377493 0.0164218168984268 -0.0300851908112858
"73" -0.0624915765680165 0.0405670961538841 0.0101241576879849 -0.0221705198454581 0.0387953933435761 0.0343760985578877 -0.00910761252210155 -0.00268517251125138 -0.0502310546827921 0.0662652151513078
"74" -0.0620502550383213 0.0390864329094033 -0.0157442850097189 0.062096342745266 -0.0342208584098346 -0.00984586778809167 -0.00581886403520377 0.00571468807249662 0.0385898943454704 -0.06872971663701
"75" -0.0632859894134842 0.0344173168674993 0.0177841388203621 -0.0842371566775369 0.0120162979679206 0.0685115802709642 0.0129804966121277 -0.0039372220602264 -0.01546104747756 0.00502168929182093
"76" -0.0475702518212336 -0.0857778513398787 0.102686286418929 0.0266748890365024 0.00265181690373512 0.0135243255229891 -0.0598480702054294 0.0615002751093448 -0.0343828952554307 -0.0168151944508597
"77" -0.062368058556869 0.0469215068723204 -0.0168669828972013 0.087779501906446 0.0081150892096623 -0.01180990352608 0.000172005536778467 0.00488208564538012 0.00960624751898027 -0.0297553220263133
"78" -0.0631795553723103 0.0330697254421582 0.0181917717611507 -0.0897524786774774 0.0220002202499226 0.0454241947397768 -0.00645040158598865 0.00919469986075206 0.0225884224201774 -0.0260372285513185
"79" -0.0630173820114268 0.0432330939904347 -0.0063940983133247 0.0464402265007622 0.0268573109816741 0.0380547673997515 0.00554643259910657 -0.0145782903089173 -0.0461975463388772 0.0686414009165339
"80" -0.0605707349506566 0.0218497322055499 0.0156949614250971 -0.0450103316652951 -0.0272876472998453 -0.0816301091339887 0.0113887110551909 -0.0230145620315259 0.0337902765608077 -0.0339287006513409
"81" -0.0477131308891569 -0.0858253734295631 0.104597520377363 0.0291350086902498 0.00331554252798438 0.0195197949981712 -0.10748870150046 0.121005046351784 -0.0354493955951376 0.0239316026973821
"82" -0.0472502098296505 -0.0871092486882975 0.0991091893943822 0.0293967445721965 -0.00212394468705949 0.0196327305872992 -0.0444974774341597 0.0755805284364054 -0.0371454080801345 -0.00747321009470009
"83" -0.047668419308845 -0.0858764333941476 0.103738040111125 0.029203604220492 0.00362156121638183 0.0194413385804576 -0.106386245234467 0.11965093656887 -0.0337106132562564 0.0221266197499903
"84" -0.0477096137618534 -0.0860774719066296 0.104273671678589 0.0290102016747863 0.00327904499929452 0.0193637864695099 -0.106577465374313 0.120721997899562 -0.0350862324833371 0.0217156522568195
"85" -0.0480304203660817 -0.0794967586065819 -0.0995966423588214 -0.00685153027930328 0.00927327227767656 0.0258358715006356 0.00944158805054075 0.00994633627905666 -0.018970359431981 -0.0297334168454311
"86" -0.0467915819956963 -0.0776311711621448 0.080894656657544 0.0170346432990198 0.00698940016780252 -0.0441051375133463 0.0860745075080091 -0.182892848356611 0.147728231273818 0.0949455593811681
"87" -0.0626979601221627 0.0463778175992414 -0.00588619164898888 0.0428770080766371 0.0218683293591406 0.0363540504470558 -0.00056903109794273 -0.00909146236073232 -0.00967734610645361 0.011579323222835
"88" -0.0474524050382916 -0.0857835225537894 0.0985226287477141 0.0256730127469236 0.00997087291596584 0.0133679538156369 -0.0707943791761117 0.104842466928286 -0.0507853632725271 -0.0451207997983828
"89" -0.061780906729862 0.0262404967025772 0.0181028528975856 -0.069491276350399 0.0192639523622877 -0.167494214172767 0.0177474485655383 0.0237553528390973 -0.0677825155718079 0.044036821824338
"90" -0.0629531122963441 0.0367361731374613 0.0114353973884642 -0.046057521051882 0.0219290082814641 -0.0768336722910148 0.000545988876664779 0.0191893823882109 -0.065299225294641 0.0517684686039113
"91" -0.0473801815585556 -0.079343573735192 0.0758465282785571 0.0190054125165523 -0.00419770069085879 -0.026963591927024 0.0567655100896509 -0.118686273496472 0.0969663751381265 0.0349726749158858
"92" -0.0488837297414586 -0.0724724685686838 0.0731798194491795 0.0208608015435957 0.00286948585653859 -0.0117041225848129 0.0307193406313163 -0.101500577583466 0.0689887268295997 0.0339511873878617
"93" -0.0630121688610908 0.0337296940035283 0.0124238120737819 -0.0701482058414655 0.0171046504817727 -0.110704663650606 6.4145346112873e-06 0.0231543614957859 -0.0184427867975485 -0.00420688153691728
"94" -0.0632466851947481 0.0326439936478244 0.0166759574670552 -0.0746836171597927 0.00953133554396618 -0.111814393286667 -0.00403921058410787 0.0333663034479231 -0.0147245728476384 -0.0184189226677932
"95" -0.0622642975766659 0.0352378381347014 0.0132233505158834 -0.0588895256485983 0.022766525351495 -0.169328677151862 0.0218838794069583 0.0136880613720543 -0.0846637835102824 0.0713360848259066
"96" -0.0486887984944784 -0.0795162314866358 -0.106717473299208 -0.0119414683383538 0.0216674675402251 -0.00144292023218791 -0.0403955905564969 -0.0375669000292451 -0.0293006372233532 -0.0209440246343372
"97" -0.0492814913481194 -0.0793215028920625 -0.104575801626618 -0.0131977588896635 0.0243673945528291 -0.00530502233074069 -0.0671359607727288 -0.0485230084093329 -0.0213540849164643 -0.00498754864245891
"98" -0.0625877194796458 0.045109511761276 -0.0117698906949904 0.0677931185623289 -0.000404638081744165 -0.0131463153728604 -0.00343428661269977 0.013198005173811 0.0513621689912165 -0.0908452798607906
"99" -0.0620469169885025 0.0448172766023174 -0.0129514110052565 0.0757029328166011 0.000932298162369503 0.00606667992547668 -0.00474049618632418 -0.00128011258606004 0.00292178047307572 -0.019486425912093
"100" -0.0477182899633023 -0.0833304691189941 0.107679880665206 0.0244551696329463 4.35007795676353e-05 0.00965453200465576 -0.0421665140571988 0.0352745070460573 0.0159785831622129 0.0173660298944106
"101" -0.0616168592004992 0.0483481481719111 -0.0104713108365718 0.0854856305604819 0.019342510224032 -0.00432276873773506 -0.00437906361395641 0.00479547605344818 -0.0155832292737609 0.0261580039788517
"102" -0.0587092648898505 0.00304832866727104 -0.0254156285577876 0.00225225807085049 -0.296898592972965 0.00740516131976502 -0.0240262569244641 -0.00611067665700581 -0.01064271134854 0.0352791652014915
"103" -0.0467894151272406 -0.081286401066809 0.0659137526464593 0.0237708081731978 -0.0139792291484979 -0.011647494336499 0.104999712477263 -0.101558644268379 0.0512096258077664 0.0211175281233897
"104" -0.0485648887230803 -0.0749541058980936 0.0748359704446961 0.0214240463303848 0.000216703144468888 -0.0109663094876927 0.0230510635922693 -0.0968217813499236 0.0693549658709329 0.0305362016058974
"105" -0.0619608825224833 0.0256877226703927 0.0128180756952881 -0.0605889452890529 -0.0021287400093767 -0.0415680087250184 -0.0259165849829169 -0.00211202292915895 0.0813895891733615 -0.0634905236721576
"106" -0.0626474411314973 0.0315273831771261 0.0134005834943176 -0.0618312039123141 -0.0127953180691739 -0.00664235340219526 -0.018005757597947 0.016585580881341 0.0710572610296378 -0.0546966425359372
"107" -0.0479503408327542 -0.0781041875123095 0.0137552664376398 0.00845075638750117 0.00393393765548938 0.0232478754760522 0.248747943739523 -0.039594412002968 -0.236764244709381 -0.232323124945797
"108" -0.0477135739673998 -0.0790405392325001 0.0157876588225233 0.00941842399423507 0.00866666111474832 0.0228124225937536 0.254131638582701 -0.0397440304870644 -0.258897123464694 -0.244143057983348
"109" -0.0473754081203966 -0.0823998744490043 0.0900395183710771 0.0275973924439806 0.00249741472855815 0.00743018375268044 -0.00143628195104747 -0.0126572788739569 0.0370032737308715 0.00065398102168129
"110" -0.0626190217364775 0.0326845583337027 0.0101152101327379 -0.0754294089483684 0.00478273145115336 -0.103090771407259 -0.0081239554132519 0.0324514785619189 0.00711579702992412 -0.029920122622313
"111" -0.0631118248151714 0.034237404833699 0.0210837349222476 -0.0907812309863699 0.0147800822848811 0.11392821887342 0.017582821256868 -0.0307376270837977 -0.0343532597859742 0.0329718256729455
"112" -0.0631047882934308 0.0329953673002079 0.014166899183291 -0.0758908583759625 0.0150265896261211 -0.114683792178255 -0.00100807481345295 0.0304667901787779 -0.0202820726564259 0.000547184007128241
"113" -0.0620884954943789 0.0483980136547783 -0.011968427207037 0.0775025641623186 0.0304014663359003 0.00613084615614003 0.00163722866442448 -0.0010932938862244 -0.016562983679292 0.0255651358008138
"114" -0.0503379289888144 -0.0737661654920695 -0.0631092920495309 -0.0103583465944263 0.0336980885398168 -0.0281546004307133 -0.156897260671429 -0.157761832848115 -0.0598379335597747 -0.0733088728221075
"115" -0.0617848390231468 0.0494312838564993 -0.0163030043131768 0.102597510811262 0.0171645319353491 0.00575842435075703 1.88119819280067e-05 0.00145511209444843 -0.0096704015520273 0.0114867067979691
"116" -0.0615494876026924 0.0507225885216584 -0.0152944616040805 0.102268237463428 0.0226127950590488 0.0051471421475624 -0.00241982069078495 0.000233265878777591 -0.0530245203949556 0.073590157316793
"117" -0.0635336477343329 0.0370057699790017 0.0162128992131216 -0.0893664147476102 0.022148035247192 0.0357255072636907 -0.0130895133941367 0.00819545990971588 0.0295616170091234 -0.033019802693687
"118" -0.0625187477937534 0.0448523602104323 -0.00775365773260364 0.0439508245332833 -0.000679469030605187 0.0440397481577855 0.00266686377358125 -0.00829015466399725 0.0179537477659524 -0.0129472149194007
"119" -0.063381348091185 0.0352373165498495 0.0207381124325817 -0.093768110795103 0.0175327280488144 0.119296570893625 0.00980552541351785 -0.0343195604225494 -0.0429356980796766 0.0500234268530499
"120" -0.0615301765011603 0.0495682455447926 -0.0123887578866131 0.094202156106793 0.0289243078479099 0.00916115386008741 -0.003841635535951 -0.00326062735186897 -0.0345448009974809 0.0524130386975618
"121" -0.0618638769209374 0.0353116829193774 0.017475713265729 -0.05747771950977 0.0268812198345022 -0.175127080844587 0.013951510464893 0.0272132236778946 -0.0522480127957522 0.0477366816294455
"122" -0.0628019457515481 0.0316559866750984 0.0119801325025207 -0.0714248159880814 0.00548541942317673 -0.128360800962865 -0.00353280500892485 0.020756927270322 -0.0301634428699049 -0.00343937647691488
"123" -0.0475931631993288 -0.083811021871661 0.0946578755103793 0.0274671364863585 -0.00346924100365496 0.00495827466858852 -0.01748446469793 0.020740658972154 0.000603409650781356 0.00139019641513368
"124" -0.0622706786386373 0.0336348880005092 0.0162238378592412 -0.0762329888025626 0.00594724410304895 -0.17141346168639 0.0148992360674184 0.0194233452936537 -0.036921692044013 0.0358907556397858
"125" -0.0587352270198108 0.0031157516991612 -0.0246943879188477 -0.00438233543495652 -0.31901656066644 0.0145690295068593 -0.0388272626878745 -0.0114745903944835 -0.0275995943496344 0.0298839629322385
"126" -0.0621790696983424 0.0477983746805495 -0.0130604332018318 0.0840966615206843 0.0094815963275037 0.00387029216837012 -0.00510941411519713 0.00637473242102847 0.0142110721532197 -0.0260867964803966
"127" -0.0626182606471547 0.0343163231827879 0.0101910181427637 -0.0606824607474659 -0.0158818851818032 -0.0133677466587144 -0.0316011566906859 0.021821163974073 0.15180850295555 -0.105342825034824
"128" -0.0629578478995491 0.0333633098363901 0.0154193646511561 -0.0884493486940433 0.0307129102038128 0.0518238416290231 0.00010521688878719 0.01685217948122 0.0444230148191095 -0.0294592928858047
"129" -0.0611390103141838 0.0191130890098337 -0.00622976476904444 -0.0510470576671348 -0.0166195069555024 -0.146089805543578 -0.00578769360601772 0.0186198639175094 -0.0437415342547349 -0.00217221660466441
"130" -0.063186568810428 0.0332911138440979 0.0136818689899102 -0.0822779087192138 0.00980645936613323 -0.0193372807332931 -0.00769621872658441 0.0132510622562971 0.000928878368528912 -0.0183945778012695
"131" -0.0473649525130469 -0.0767679679029247 -0.101186643280454 -0.00883827966366943 -0.00339531925865491 0.0280215536757937 0.126256216438033 0.11600473803548 0.0205889111174227 -0.0108373956784902
"132" -0.062569838092742 0.0351639526230478 0.0108424113491389 -0.0733932736375392 -0.00765939594919182 0.0220970797045428 -0.0199496515505818 0.0168629447295526 0.118025826459341 -0.105308116200761
"133" -0.0633992516451845 0.0362967983772774 0.0175129128944841 -0.0900296601860059 0.0247465081754867 0.0585147054202072 -0.00683798650487352 0.00785824564623593 0.0178691976561572 -0.0206143552576238
"134" -0.0478493953852543 -0.0815065142955797 0.0953521305609917 0.0254998262340697 0.00990623250752532 0.0154535505249477 -0.0256361270889522 0.0608051123124798 -0.0443328918445958 -0.00987678452944274
"135" -0.062876231053688 0.0445031561440616 -0.00730927547246233 0.0397520598878184 0.0230913559220414 -0.00300633764029589 0.0109090275452055 0.000751661349371485 0.0615973783245873 -0.0611231840470038
"136" -0.0481041677482375 -0.0788708915378234 0.0167591417002918 0.0102412923471727 0.00825881487875571 0.0213719996595903 0.24690996460901 -0.0386017882094763 -0.253450177234466 -0.236057829796115
"137" -0.0462038281269779 -0.0815383173673683 0.0736265359937817 0.0219122201305789 -0.00521566962545275 -0.0353325986077229 0.10636240666816 -0.183135192646896 0.133948529635752 0.0768205891212755
"138" -0.0477693140242238 -0.0824421052796504 0.0960120735661602 0.025950742187462 -0.00273575830713169 0.00233504615562568 0.0119091153013175 -0.0091624603357668 0.0126909148799331 -0.0155568149696363
"139" -0.0472825560001813 -0.0849612062102331 0.105857541580743 0.0267018777217063 0.0105659445674756 0.0198354366936973 -0.0759909651441109 0.0856697314434445 -0.0376390847843827 -0.0045969045222497
"140" -0.0625002363630797 0.0467071172949374 -0.00855155455438037 0.0507152671656173 0.0233604493620658 0.0130907069790623 0.0134665954797359 -0.0151920513346578 -0.0116900394608402 0.0320393102494492
"141" -0.0611860793094967 0.028467095559382 0.015587512812382 -0.0210434544314575 -0.00624601839131491 -0.0224536324436191 0.00105773761219587 0.0419105019817576 0.133131519551088 -0.099300576555353
"142" -0.0634415171648134 0.0365550754747749 0.0181569586414173 -0.0931895121406462 0.0188058345766437 0.127955647929244 0.00657069626632228 -0.031234389964118 -0.042351738089097 0.059274566168757
"143" -0.0630703851382205 0.0349070202249762 0.0180875966642101 -0.078143785523215 0.0210423162428517 0.0181403560373534 0.0063117527896977 -0.0065544461719298 -0.014516552265208 0.0165908057278617
"144" -0.0619281557279327 0.0311045178824538 0.0187623788629986 -0.0829210085562035 0.00794783668257702 -0.181854867819944 0.0156387331349293 0.0281554549612996 -0.0449050800542641 0.0344066277083806
"145" -0.0634912344015066 0.0362130530995438 0.0160216100497453 -0.0880286546947218 0.0188318735864054 0.00796019790078105 -0.0127525963962969 0.0193217042588481 0.0346105543149167 -0.0433798574453442
"146" -0.0616962775565158 0.0315673483662951 0.00831895627647238 -0.00937078902817412 0.0227214540097532 -0.0980673055545051 0.0313285095228446 -0.00546914461860356 -0.0900639080619294 0.0903413958015388
"147" -0.0623930206572507 0.0411720638917314 0.000644131589981255 -0.0044670478160248 0.0144681037274918 -0.0986287694223335 0.0025284880751645 0.0172741420897123 -0.0485906734438341 0.0447518293433884
"148" -0.0626371925284919 0.0457073651811318 -0.0115662534448937 0.0677054879259241 0.0099704256812336 -0.0156143472145637 0.00179375670251858 0.00601528892329346 0.0495598895923717 -0.0711588719037667
"149" -0.0624272356364512 0.0449176722387534 -0.013847201901001 0.0777426020457187 -0.00509547268839368 -0.0172776822952933 0.000681997861892398 0.0109391791651896 0.0448802509003464 -0.0853247605298014
"150" -0.0589053600637378 0.00543666423233802 -0.0287571077890521 0.0111649456480489 -0.262811767118621 0.00634939376410123 -0.0359412526250918 -0.00834024835844321 -0.000666344891385156 0.0200234257581603
"151" -0.0484887427300507 -0.0783655670385929 0.0954076928228022 0.02631950848649 0.00378994311895414 0.0105881436068255 -0.0540019509034534 0.0688187207192231 -0.016273753744418 0.00808425888553902
"152" -0.0631817163505469 0.0346862959471472 0.0189733028703777 -0.0936698990144721 0.019150680449088 0.0691633003065705 -0.00558675547727922 -0.0016554529832083 0.0149849975273595 -0.0132770423107924
"153" -0.0624484543757575 0.0452150132147329 -0.0136464128193041 0.0816321676490684 0.00070369519630971 -0.00410728064742808 -0.00270113773589163 0.00742644024674309 0.0433708875637855 -0.0763834448958081
"154" -0.0626142752332197 0.0442936242566487 -0.00951623465289852 0.0632090923152123 0.00520443836859194 0.00965458577936143 -0.000119284023783785 0.00276773479176666 -0.0148780914773269 -0.00273561222216273
"155" -0.0624100480545885 0.0281104777479261 0.0158968011089876 -0.0441588902160353 0.00464929312492493 0.0171843504419542 0.00214999678852763 0.0398656906530501 0.101717007353187 -0.0698053050846586
"156" -0.0478018981031201 -0.0781094043193364 -0.102592450091642 -0.00945439881657445 0.0244580922247307 0.00671381559591762 0.0207590179304762 0.0416036242427087 0.0340100117394671 0.0524904883955886
"157" -0.0617229528527718 0.0493783536558345 -0.0128923125258246 0.0900353885381709 0.0184636793347364 0.00311701326941377 -0.00301983047670783 0.00195015761061637 -0.0404611404913644 0.0491788119499377
"158" -0.0616960778269014 0.0503247724651729 -0.0147579584593543 0.0990362515587707 0.0223562988673146 0.00244583921692505 -0.00405631534867011 0.00370596263662352 -0.0275511068124537 0.0382367209993153
"159" -0.0472910299561795 -0.0865836856139784 0.107166186394786 0.0274609858105759 0.00837508831877536 0.0233570998121014 -0.0782605638427876 0.105728951796437 -0.0529257806923144 -0.0248632776780662
"160" -0.0473227157092947 -0.0858302442377314 0.10322711965227 0.0264782235778654 -0.000416120762388787 0.0066103514061256 -0.047666813682825 0.0746509621340045 -0.0248422379536133 -0.0244776639282588
"161" -0.0624587182366669 0.0369821616723249 0.000924868443225715 0.0033659817991321 0.00127727316532528 -0.0644093792127118 -0.00991264591113543 0.0206829731495 0.00460392046740659 -0.0113270275657283
"162" -0.0624882686365441 0.0376901381346949 0.00107909688972855 0.0193687025744283 0.0247120531490951 0.00420363844577075 0.0299851741867818 -0.0014871781697805 0.0148944200899242 -0.0400424244339832
"163" -0.062858767830614 0.0312140700410132 0.015350369935433 -0.0699974632834908 0.0109494725394915 0.083105042893027 0.00124700580457175 0.0142428694105217 0.0696375792710562 -0.0372462283327864
"164" -0.0485951074019755 -0.0731723994012153 0.0828799563430926 0.0195817969904193 0.000800454086756507 -0.018239245217874 0.0466725092885056 -0.124568107244775 0.0707774190597207 0.0445199056800036
"165" -0.0630704616997995 0.0352690240655999 0.0182048239783481 -0.0801858947364525 0.0169765971531375 0.114768337533992 0.00568632250856249 -0.0257669681707024 -0.0266415051264714 0.0423739818915961
"166" -0.0624208336896979 0.0462821193149831 -0.010597753214127 0.0748870316591941 0.011252625031436 0.00271264041190337 0.000520637075056207 0.00134373363269119 0.0261288661502437 -0.0532373105067963
"167" -0.0622145433130485 0.0477171620888054 -0.0128166552423018 0.0761914472684363 0.0139581008003736 -0.0136049367356367 0.00484453976440132 0.0013634902416366 0.021097717360355 -0.00247110483649709
"168" -0.0622696533959459 0.0470819961814504 -0.0129081485374205 0.0808359310337671 0.0102994394263718 0.00321271665878963 -0.00219743584989905 0.00202030867633316 -0.000687812452638545 -0.00176916023294868
"169" -0.0602941104307735 0.0215130563713081 0.0171688811169432 -0.0527847895513894 0.00904987681476823 -0.109741622068415 0.0336015902176546 -0.0165243899336701 -0.0808836635714757 0.0505228051253047
"170" -0.0478073324147277 -0.0748534987254322 0.0609599125994524 0.0206275327535672 -0.00920236116285767 -0.0128089639463695 0.121894923101026 -0.0742354923710335 0.0339395554668049 0.0157552419750147
"171" -0.0473144837817509 -0.0815931297089357 0.0875823379914371 0.0246750861358655 0.00230849269493042 -0.00784667429645626 0.0410173617569542 -0.114603739441878 0.0384735359654403 0.0169422534489238
"172" -0.0474310186026266 -0.0855674365306178 0.100307252873309 0.0233129862531028 0.00666413026975594 0.0135065965035638 -0.0657144151041172 0.0750215144777402 -0.0367271001896863 -0.0294472953558817
"173" -0.0628115047957625 0.042824308627881 -0.0102618205618843 0.0597646389958348 0.00780040391596825 -0.017078581092342 0.00269712698650517 -0.000119304483118911 0.048548029134586 -0.0728032127293411
"174" -0.0627651120326768 0.0311799192774646 0.0152274384538708 -0.0720437686615204 0.000219667105854183 -0.0182532338137264 -0.0197642463827074 0.0177328280709293 0.0697391670278554 -0.0423495592844305
"175" -0.047591534689391 -0.0789422397534766 0.00307122218615378 0.00860019814756779 -0.0173089585485628 0.0212440340588083 0.193945108858396 -0.0342344900074379 -0.0826167103630626 -0.135115081028756
"176" -0.0481740030264469 -0.0730519105234607 -0.0961518378981922 -0.00615012912573465 0.00630745061959477 0.0397761669878951 0.0910816719968269 0.079858291855961 0.0188680189433062 -0.0152151048737859
"177" -0.0489904103465387 -0.0750203334071173 -0.0990049123691237 -0.0097622597040803 0.0116662382235944 0.0181043730500976 -0.0140035378452397 0.0121627091058193 -0.003999149255192 -0.0243763562797392
"178" -0.0629759805875871 0.0434600776241417 -0.00348942664706002 0.0266606361233346 0.0255952469026641 0.0120331728996241 0.00688841274094589 -0.00701862680892906 0.0209809052641181 -0.0268449357302061
"179" -0.0622680163593992 0.0409843873117477 -0.00655913092609391 0.0426519834716431 -0.00746136982437325 -0.0277281757413782 -0.0124413247263237 0.0116427703374084 0.103141481402421 -0.0677011726999285
"180" -0.0617335141926807 0.0502617117306129 -0.0140584749801799 0.0970571990197954 0.0205730033175358 0.00367568870656735 -0.00370837220547272 0.00244694169534165 -0.0255201950535109 0.0362618217772995
"181" -0.0625149125286995 0.0453283834440042 -0.0140436890459697 0.0791962215434288 -0.000219691625328048 -0.0134439299152203 -0.00121989490443398 0.0106828097139214 0.0538138117310495 -0.089399196546273
"182" -0.0629168271961633 0.0443601360869344 -0.00829529526165462 0.0449755234227546 0.0242836172339552 -0.00172432554655109 0.0108726402560426 -0.00184108722352008 0.0471720753005921 -0.053088291539795
"183" -0.0626868047912403 0.0450395596744081 -0.00724400305607208 0.0455842522216061 0.0174106721271306 0.0170143531636915 0.000977917650270463 -0.00879371304592575 0.0515473738783912 -0.0526069735767096
"184" -0.054577555213225 -0.026272473479173 0.0172274707060746 -0.0341370853777758 -0.00370390287751993 0.0359416011561821 0.166450335835004 0.0064206425555006 -0.101951961427804 -0.142421814410962
"185" -0.0627529970401411 0.0408251123027375 0.00661478676024184 -0.0321934529768842 0.0201378673869403 0.0630155038895166 0.00293454343253216 -0.0190442823287751 0.000765412713864497 -0.00112039566242861
"186" -0.062627838322261 0.0309384268690947 0.0115589156996254 -0.0711097167766459 0.00394712524613652 -0.0417363137488253 -0.00327402301930876 0.0140007109020373 -0.0022756087996193 -0.0169358428968586
"187" -0.0621039532009664 0.0475945803371855 -0.0141076384652124 0.0926632354383002 0.0172644497693467 0.00642260800352932 -0.00128739138915808 -0.00119274090457729 -0.0208388691598426 0.0211703669339413
"188" -0.0509238853097984 -0.0678054327200965 -0.0689342579583693 -0.00696686347880125 0.0139208935065019 -0.0252773350362857 -0.117969795457821 -0.112988014167837 -0.0601976928792771 -0.0738415007684781
"189" -0.0618640929091176 0.0487486244065586 -0.0111319140298517 0.0784826340444014 0.0274875528048274 0.00657921679388365 0.00533597100326862 -0.0129820193040573 -0.0346047367875249 0.070988261040121
"190" -0.0624650286788292 0.0463517734425891 -0.0137959087852698 0.0814421374259741 0.000769024045934973 -0.00603039405494132 -0.00318739557235649 0.00635784818835016 0.046025075006696 -0.0743138765346007
"191" -0.0629068848220095 0.0425034426417289 0.00812023398935521 -0.0352286609596205 0.0414794995504764 0.0964659495139099 0.00897007063410211 -0.0254685705465692 -0.055182340079022 0.0768303311556869
"192" -0.0618572887150577 0.0500970138238714 -0.0165478388489294 0.0969301875148491 0.0218366103287627 -0.00107168835310989 0.000414565997917195 0.00360409865547738 -0.0119407554623861 0.0186137479749018
"193" -0.0623222780497735 0.0479644965148975 -0.00922218874619087 0.0594275318773784 0.0213356710193227 0.0124824673765325 0.00400381531838835 -0.00775794276598587 -0.0345992829492571 0.0460481122979017
"194" -0.0625171619331309 0.0316347751686018 0.0135933185053302 -0.0787341978532544 0.0164395023603286 0.0494538524846472 -0.00774170574135764 0.0123204214628516 0.0922673513045955 -0.0911405425675981
"195" -0.0613546536741087 0.0220560845282879 0.0294398438724371 -0.0644705928115742 0.0145160065650757 -0.00873598995150678 0.0107239875409807 -0.0167864772026193 0.0181912383672913 0.00642508208532898
"196" -0.0623992628290911 0.0453060345726155 -0.0136071561268875 0.0836862279364812 -0.000323444546356979 0.000959656322308071 -0.00112491313709467 0.00380942313569474 0.0302112757409798 -0.0527613494422761
"197" -0.0623804190587705 0.0463246460704754 -0.0138250549148565 0.0845545502027311 0.000838950009533696 -0.00676102848926195 -0.00290480018654484 0.00683228013713785 0.0464352538022877 -0.0747225784360478
"198" -0.0624280188477064 0.0474649769987591 -0.0161507058346164 0.0859570592269324 0.00592874580602663 -0.00909360208706188 -0.00292897148078182 0.011005743903988 0.0259268803949238 -0.0504127702545483
"199" -0.0616548056668117 0.0501083499569253 -0.0146471007255484 0.0963066436279828 0.0240756653626781 0.00381860775268126 -0.0025879330928213 0.00116414831241869 -0.0252047150922496 0.0395016372078102
"200" -0.0619680773371539 0.0489994080187014 -0.013924972515192 0.0899400597869256 0.0131897065633127 -0.00156088737911236 -0.00346838577725687 0.00532870982074173 -0.0296286744546933 0.0331940232777736
"201" -0.0484596237203043 -0.0754135969888728 -0.0133057777973074 0.0075051674949803 -0.0147080534282617 0.00791096466717187 0.155587064906365 -0.0473512354579099 -0.0978983862602549 -0.142646346215647
"202" -0.0620966925246722 0.0476060578667533 -0.00789798160078274 0.0623841706290624 0.0218159594605342 0.0345476568950498 0.00697393400887495 -0.00642674113159895 -0.0480312003571826 0.0739799345001362
"203" -0.0618232280173015 0.0487801464515349 -0.0109933840120394 0.0788286781772899 0.0280333278810065 0.00679809632708879 0.00527136469246645 -0.0129464758957438 -0.0345384628155314 0.0712006818280778
"204" -0.0470251361100193 -0.0793493919750813 0.0731847757702427 0.0206348401868312 -0.00605561052569539 -0.0286486726227532 0.076390837122394 -0.147509689665478 0.0763376517966105 0.0497449311885342
"205" -0.0471511986573903 -0.0866417146393648 0.108776559498961 0.0282743403767412 0.00929559020160023 0.0236418404108881 -0.0801243589233657 0.10548105624733 -0.0536121602341667 -0.024830182316122
"206" -0.0623682339676127 0.0460938730961904 -0.00899701221329546 0.0588168418646183 0.0123404807188289 0.0179058926598506 0.00195112028757038 -0.00973546864824817 0.0147425630075506 -0.00791757084120682
"207" -0.0619946453090607 0.0408086775853917 -0.0150481869223541 0.0722340292757372 -0.0222192289169084 -0.00951277808781384 -0.0061160670705151 0.00203122892514934 0.0323852089590648 -0.0650341482156594
"208" -0.0618662119452569 0.0486958037698467 -0.011025211230821 0.0783812793843388 0.0274216017169617 0.0064329848942681 0.00510227448908624 -0.0129393139763296 -0.0348690319884166 0.0710337777366046
"209" -0.0475779283728363 -0.0797365452705776 0.0831898641207575 0.0225709621857904 0.00506891029418727 -0.0115327150204304 0.0488487654960516 -0.122265381780853 0.0346784990660528 0.0197768485757688
"210" -0.0629269934724177 0.0439639744567387 -0.00625625773500639 0.0326520895763445 0.0172301738148327 0.0126183458137558 0.00935891504100937 -0.000365241455910702 0.06855944564834 -0.0661415246996057
"211" -0.0626115932057998 0.0450822265934093 -0.0129013277047606 0.072294883771688 -0.000325623514278576 -0.0180840977759401 0.00157843653529104 0.0114855960828999 0.0568736102059393 -0.0812352283171047
"212" -0.0617108080961947 0.0268529416545144 0.0161985306435968 -0.0797988244104175 -0.0449204101952833 -0.0297510253160025 0.00939806857801295 -0.0203233367795026 -0.0877796426551206 0.0806143755462946
"213" -0.0635688415876412 0.0342123958677065 0.0153290578401416 -0.0854119576534707 0.0077362724393158 0.102891094342519 -0.000866253236268406 -0.0136900417081165 -0.00710331882006419 0.0110425393918643
"214" -0.0614492432332141 0.0506767330372568 -0.0140853051010381 0.0973380710864622 0.0243471988520708 0.00310539965800779 -0.00396741516608093 0.000602676602571382 -0.0376509795227102 0.054786731546315
"215" -0.0466748348265223 -0.0811791679332133 -0.10202386339589 -0.00922547414552569 0.00556472870804796 0.0151275244877429 0.095585486189921 0.0965020954091011 0.0722370889858009 0.0530158173774963
"216" -0.0476931959661927 -0.0747004329208024 0.0736463651933909 0.0171781819560906 -0.00784025833063133 -0.0492880713401296 0.0861203048762321 -0.156603782899149 0.122408956731372 0.0891088934435312
"217" -0.0478684663098927 -0.0825487255293054 -0.109997182932136 -0.0135842763534653 0.0369201627111795 -0.00198908709352219 -0.0765313965001433 -0.0272638528662803 0.0305490301488884 0.0432481391360792
"218" -0.04755898274477 -0.0815877440843816 0.0655373498149341 0.0139153311124397 0.00216006109068371 -0.0134186845828233 0.00101213786030828 -0.0356289048553326 0.0282241577856187 -0.00458860731818275
"219" -0.0485307459773619 -0.0815222704812885 -0.104115133093125 -0.0128582880155137 0.0335470410965835 -0.0123651269811663 -0.0874753114191097 -0.0389040399677509 0.0141109052999521 0.0251083179268671
"220" -0.0471036511871571 -0.0837065035732162 -0.115876011414098 -0.0126245713876209 0.0262619351315359 -0.000394303864701169 0.0271084712497315 0.0712057727421113 0.0512766410294428 0.0795213617663429
"221" -0.0476451606144688 -0.0840020710302244 -0.113891701126416 -0.0132478311960217 0.0327595450939891 0.000171599205097535 -0.056277777792127 -0.0182397429444872 0.0222351692866281 0.0420857044055061
"222" -0.0465199284925744 -0.079641608301727 -0.0990129548288608 -0.00885806089703062 2.364573637444e-05 0.00786387577612463 0.129402026870607 0.145504271931329 0.0755305308624368 0.075441629764812
"223" -0.0475169449784431 -0.0844012407444945 -0.1101167610363 -0.0122018339090733 0.033994286641548 -0.00637224650571111 -0.0534549225508206 -0.0247017804242954 0.00896419392013865 0.0323302908795373
"224" -0.0497114533973224 -0.0733193748579855 -0.0948628483356778 -0.0123287208917552 0.0216206096860466 -0.0220916061017163 -0.0795012378321571 -0.0350575820449495 -0.0107540752491138 -0.0315909183882984
"225" -0.0465853046266994 -0.0810745939552147 -0.10121881916824 -0.00812696583226906 0.00647533158810858 0.0085743817374904 0.141782783858456 0.16225847316574 0.0750336932214908 0.0524558093548378
"226" -0.0471252363902153 -0.0830666429827172 -0.108857827803558 -0.0103323181839874 0.0250715746725814 -0.00160402842764807 0.0461214985408122 0.0754199783413604 0.054000524257457 0.0691495905952562
"227" -0.0507052729945893 -0.0526737891352043 -0.0954787879435538 -0.0176500973232383 -0.0184474737842862 -0.0325049128193052 0.0714244401245842 0.0436612613625828 0.00610900038759637 0.00845234829800502
"228" -0.0468139776830159 -0.0809661363715987 -0.107088609002112 -0.0112004241237489 0.01853203557016 -0.00947958803973367 0.0707314071025966 0.100084860320626 0.0747654709967848 0.108244049945328
"229" -0.0485449761674088 -0.0785263186362216 0.00872115195422485 0.00485026291661965 -0.00775366731646101 0.00928725231895514 0.0318465726072631 0.161662352910421 0.0545433934287111 0.0527783083598673
"230" -0.0620271435862827 0.0488654016854413 -0.0139264078044145 0.0900557853467342 0.0181548278530898 0.00074233274006905 -0.00466080439279882 0.0010843526977151 -0.0145530193044166 0.0170402641304971
"231" -0.0625660432675538 0.0452394825830458 -0.0112763734018343 0.0635684726582818 0.0117704606982148 -0.00288884450372845 0.0068465940470649 -0.00878606076506349 -0.00614526224708442 0.0223450611721967
"232" -0.0611672179531516 0.0194250960043272 0.0112471169729738 -0.0144133125346415 0.0140186202722579 -0.0701581518472211 0.0217938404288508 0.0151598304430629 -0.0341747416002623 0.0104829461982751
"233" -0.0485477959828201 -0.078964984438473 -0.102959312070704 -0.0115253886400153 0.0365768427572958 -0.00604623715595408 -0.0652810848685531 -0.0348187738175705 0.0125117603125934 0.0298424177749897
"234" -0.0479870794341608 -0.0808669307627952 0.0932221405687524 0.0259573625142162 0.00922137011210877 0.0142255968993527 -0.0515796561890907 0.0762552044032991 -0.0389917372038789 -0.00463315510905057
"235" -0.0529570013983474 -0.0376958281155254 -0.0134282331949623 0.0115230222659743 -0.113222610153366 0.0443161872221362 0.115174841741617 -0.0114390273688801 -0.0463350778176643 -0.0578002213042053
"236" -0.0487251987281938 -0.0787266924365948 -0.10550863087671 -0.0110820881434699 0.0156836632686509 0.0047254913881364 -0.0219915393544684 0.00208181968693038 -0.023485915786405 -0.00895122059083881
"237" -0.0625340049653833 0.0470047011539356 -0.00857368023580487 0.0422983783671499 0.0207734770004867 0.0329856839033137 0.00415419095339047 -0.0061397186742475 -0.00878702017540692 0.00463014145799941
"238" -0.0570437336303446 -0.0114698519118644 -0.0326651504264321 -0.023514065841565 -0.116211096925125 0.0194637524909827 0.014324720250664 0.0323252428948135 0.0523914591388121 -0.0150492772197541
"239" -0.0472664342523346 -0.0825529631392466 -0.113191047585906 -0.0112377689526444 0.0263837980894791 0.00285926487554122 0.0306997282843116 0.0768199400437687 0.0449707902450449 0.0823730294623612
"240" -0.04890693804149 -0.0766091476377044 -0.101594068655093 -0.0094071217493115 0.0175964482393727 0.00835857888630002 -0.0193206512213414 0.00289215781106984 -0.017892450201826 -0.0123687848549507
"241" -0.0635434375465725 0.0328810039278305 0.0171303738977747 -0.0788094578375634 0.0188387034761214 0.104240363609274 0.00683738855300817 -0.0294773222249504 -0.0280763375116133 0.0431831035437011
"242" -0.0468918369081255 -0.0876024534908797 0.108165925885879 0.0276010447131602 0.00942513299429853 0.023479979656579 -0.0814212116452525 0.108296458077475 -0.055030542227853 -0.0256791181367008
"243" -0.0480024078675088 -0.0812087017913358 0.0918854984827446 0.0273731998170746 0.0131531882298496 0.013336195926073 -0.032497246885135 0.0333664890653176 -0.00673691613789125 0.00357760891502796
"244" -0.0624571474100839 0.0323535596597799 0.0123759492724495 -0.0623564732337515 -0.0181206901083649 -0.000772942597031541 -0.02935192984937 0.018679810717207 0.141433621960186 -0.0976105994043358
"245" -0.0479055454344902 -0.0810673632084003 -0.10505331768774 -0.0111583552516612 0.0212801955372531 -0.0048607490448971 -0.0137345027242096 0.0336437956311633 0.0164849106853972 0.0464255026740502
"246" -0.0623487585344176 0.0466076708064652 -0.0148345830004142 0.0830813620044548 0.00422560001294789 -0.00595386694263569 -0.000360305570745852 0.00762869621013448 -0.00601924218335349 -0.00300494156364469
"247" -0.0485017964987554 -0.0804870494489938 0.0862692490843232 0.0248191886445971 0.0117432496345753 0.0127911545041954 -0.0707772551387028 0.0942745306552198 -0.0361722688119629 -0.0304056371123042
"248" -0.0501887080456443 -0.0708723456139436 -0.0660260791593931 -0.00202869683453194 0.0222972107513093 -0.0151215500819532 -0.105423452505608 -0.108044235177897 -0.0511322976065501 -0.0775106058153129
"249" -0.0476701542443401 -0.0826022343707178 -0.109483952871894 -0.0113489275793558 0.0384486015325325 -1.78005703494555e-05 -0.0486918536372063 -0.00833159262083781 0.0267553343387564 0.0493649627452715
"250" -0.0480881192355543 -0.0799542336881363 -0.101166053330254 -0.00980059711983668 0.0278998120315409 -0.00208519401026622 -0.0345852138395875 -0.0130387899522735 0.0124564713544554 0.0365332732402647
"251" -0.0621022156030482 0.0482514572333867 -0.0079791686127224 0.0590032792090631 0.0381879171995003 0.0477966389605853 0.00822029822549123 -0.0177878807671865 -0.0643879186919472 0.0942150443621349
"252" -0.0471338342971373 -0.081449748363561 -0.108900845483898 -0.011805481223361 0.0148657595365318 0.0133361292760482 0.061376975556414 0.0536069235049692 -0.00310718896168414 -0.0029488531134179
"253" -0.0474521033651749 -0.0816863278724746 -0.111724115114183 -0.0102073413854591 0.0154605652562308 0.00984285334923925 0.0229462482118322 0.0365780403488966 -0.0142023680464116 -0.00822000931918159
"254" -0.04786797240449 -0.0802669333356039 -0.107018980667996 -0.00707636501665841 0.0169811041507359 0.0265400810490304 0.0131852470483558 0.0253897167249512 -0.0105279102470818 -0.0199668760397559
"255" -0.0478429130831092 -0.0822415740373111 -0.108683181770977 -0.0131588107157156 0.0331332628762388 0.00357603880786228 0.00404200502273305 0.0126832543818664 -0.00442718966000403 -0.0195035805112321
"256" -0.0630415841301308 0.0436762651175287 -0.00682184327337657 0.0301052829648513 0.0128865248926049 0.0165241091773188 0.00707989247184274 -0.000763076622708656 0.0709848817512262 -0.06924033817329
"257" -0.063276874110233 0.0351398134252523 0.0179235705858215 -0.0929319103903679 0.0168476823776468 0.124144147620197 0.00724353769009215 -0.0365241246845902 -0.0473577695100029 0.0536058956480461
"258" -0.0509792904467703 -0.0541812985411498 -0.0833804181865019 -0.0101874758688062 -0.0146224014344403 0.0173837349899128 0.0910668934334873 0.070985315446588 0.034185405442851 -0.0422779383570807
"259" -0.0626075709741925 0.0325562409342896 0.0116761838754725 -0.0644876381444332 -0.0135332004155975 -0.0198369166981408 -0.0220003350655299 0.0157342806960209 0.116506600641832 -0.0732863570098393
"260" -0.0632433229618933 0.0337468140140537 0.0190700796456158 -0.0917692610494955 0.0196819691812837 0.0206052975178695 -0.0124098601865817 0.0102976846054132 0.00741988543605557 -0.010479222642762
"261" -0.0475051992400188 -0.0845968417000477 0.0962451508786926 0.0315873908561753 0.00457258094617554 0.0061580810209839 -0.0385091469385324 0.0503361728932723 -0.0141687011665828 -0.00829189073714485
"262" -0.0629824877538201 0.042105830347541 0.0101304389421661 -0.0401644584050446 0.0320394963837592 0.105487105374839 0.00948924113992422 -0.0240935949696073 -0.0542828630031419 0.0787584514956142
"263" -0.0614191469969907 0.0355150875043945 0.00170779711635731 0.0362416832426649 0.0307417390356478 0.0491616987428037 0.00576573458195049 -0.0112428867217102 -0.0737465212550539 0.0667971096969232
"264" -0.0623569068917674 0.0332793430258911 0.0146724929645649 -0.0415705404950287 0.0145441151106155 -0.0597421671217214 -0.000509366564369836 -0.0048103256342398 -0.0339584083286359 0.0280528502732483
"265" -0.0630453047466114 0.0336832379540387 0.0143060427686308 -0.0750710459869314 0.0172335321652965 -0.108995042599569 0.000535814580091106 0.0238737684160282 -0.0398270062639096 0.0134288390925834
"266" -0.0630701403653343 0.038905354242876 0.0144382167663962 -0.0708167001460606 0.0189677829319591 0.120461108114814 0.00894282054756742 -0.0301976313146494 -0.0679267289271569 0.083975016177861
"267" -0.0631133108623457 0.0414286075772314 0.00587082718774093 -0.0336845636798497 0.0245028913741887 0.108761077935827 0.0176471494980006 -0.0338587280023121 -0.0782663786292692 0.0961068477280761
"268" -0.0633830336065028 0.0346412417145242 0.01450315594132 -0.0863918748108869 0.0102111375292338 0.108450084777458 0.00514916212407509 -0.0123322083814987 0.00319588327567782 0.00088150261417674
"269" -0.0612365221711975 0.0286911564240098 0.0154834708048892 -0.0677525721684972 -0.00393182874054696 -0.198542444110467 0.0293299138995344 0.00798885766355736 -0.0788745913461046 0.0716804463551096
"270" -0.0477235077941682 -0.0808548548853386 -0.0977802162410398 -0.00864074971287114 0.0272298321600025 0.00335128062022907 -0.01359080109457 0.0178671010767013 0.0311716905612752 0.0365476050105077
"271" -0.0489990372530382 -0.0745125393270156 0.0733771129793279 0.0198412426098417 0.00473592621892851 -0.0121904001656178 0.0113578372702675 -0.103143617548378 0.0727780551861852 0.018015378689654
"272" -0.0629584232652738 0.0333665187933472 0.0168926355649093 -0.0782107558236013 0.0139543357212244 -0.134164183891669 -0.00546321203680686 0.0376052141358728 -0.0118132627832271 -0.0133718328869932
"273" -0.061958345659956 0.049290037265248 -0.0142369202999461 0.0907635445196942 0.017032371074433 0.00255536791003508 -0.00330399168176671 0.00233549266984066 -0.0097149279822235 0.0144752308135569
"274" -0.0622731476518429 0.0427255363798152 -0.0096368186962463 0.0491035986418279 -0.0159230576913167 -0.0205071973430375 -0.00915656531871635 0.011056780257357 0.0452121571139601 -0.0578936354845859
"275" -0.0609108024088197 0.0248706778459063 0.00838618123665309 -0.0698064250071136 -0.000442887808949008 -0.211042714980071 0.0323361056011544 0.00702552654159402 -0.0910247358375011 0.0676269596703225
"276" -0.0475487038377613 -0.0788662393730281 0.101532316963004 0.024755787344495 0.00011502993401305 0.00770452125833075 -0.0476155400999204 0.0725746743104411 -0.03372543722567 0.0104127632308575
"277" -0.0634360657446949 0.0368085974570111 0.0183525606822927 -0.0944017254977154 0.019309865916394 0.130965991396637 0.00596997184428222 -0.0319694602148652 -0.0446369201014473 0.0603799017780394
"278" -0.0623912354845308 0.0444855140185157 -0.0151513395755378 0.0774934351517057 -0.0102276194108927 -0.0202475048984296 -0.00144817402646842 0.0114046018252762 0.0450886645164922 -0.0810528775095017
"279" -0.0621888933933404 0.0480628706195083 -0.0158693855191555 0.0898264650434259 0.0106780261136008 -0.00329422861657881 0.000835590013292351 0.00397848123934688 0.00720519882927849 -0.0152775591027261
"280" -0.0620526577565704 0.0485381270507787 -0.0168595730179288 0.0972312165396818 0.0107302763252979 -0.00209919101363614 0.00150723284215193 0.00261109313690607 -0.00386860715219617 -0.00109917340508505
"281" -0.0633186806863186 0.0429413641135143 -0.0108062471922177 0.0571080674518983 -0.00140246023482725 -0.00746214087057665 5.94949444268347e-05 0.0037010131179263 0.0724826441572877 -0.0855065223723406
"282" -0.0623479411962634 0.0474347412270788 -0.00877186581772786 0.0471670783025653 0.0201263760062169 0.0204104400152279 0.00541275889987358 -0.00930950071243169 0.0124344046668927 0.00690606469115657
"283" -0.0466487347449877 -0.0832354589522168 0.0849166416944727 0.0217509450246533 0.00638838208690542 -0.00413470926670653 0.0509918697008139 -0.0269293350890699 0.0421484009007857 0.0297494342606669
"284" -0.0520957639776171 -0.045404087531009 0.0545888643623725 -0.00925559896479769 0.0144476948385065 -0.0295735431130882 0.0555276695954116 -0.143927925947352 0.101687423445878 0.10366501232133
"285" -0.0621127397470602 0.0452808722551104 -0.0112056557905692 0.0668572215058232 0.0117020770509063 0.034599080700498 0.00311253072741946 -0.00970156429552185 -0.0276656893662168 0.0284693005260347
"286" -0.0599190245849963 0.0172565956978893 0.0162550656349099 0.00228201777637959 -0.00654088224936115 -0.0180158760338558 0.00253988653447912 -0.00202962387667148 0.0536900703256263 -0.0355636736282482
"287" -0.0631390981375396 0.0355694470098732 0.0129745177846403 -0.087521471750225 0.0208606510489929 0.0573415419227074 -0.00219538567818591 0.0014186694191595 -0.00880810503308589 -0.00386406236581497
"288" -0.062755131084816 0.039890814062241 0.0152721269038299 -0.0634776269544085 0.0330196012914703 0.116963234876551 0.010213921380115 -0.0331523895970836 -0.0567255998657909 0.0872409294471825
"289" -0.047222423404761 -0.084606152647555 -0.109124160095825 -0.0115803357846837 0.0309787644619185 0.00383346949286042 -0.0524773786580808 -0.0141527877037457 0.0148477611513046 0.0425453711364334
"290" -0.0470242030254973 -0.0861788669642586 0.101492399995126 0.026579242156491 0.00158891010572728 0.0143363273072978 -0.0617027502487107 0.0673540961382756 -0.0351355595036597 -0.0114212330347552
"291" -0.0467918303469778 -0.0816180287477774 -0.0996367409314009 -0.00970674429121249 0.0135661554086112 0.0096485039756838 0.0699329183747275 0.110969958242857 0.0444337408179956 0.0867218526417202
"292" -0.0558709850557004 -0.0172885314657282 -0.0307953588802785 -0.00913024781472643 -0.25991726743316 0.0340590379855937 -0.0336265352240825 -0.0189472824179932 -0.0090436407464336 0.0233595342618192
"293" -0.0468480918952968 -0.0858363347426083 0.107252167749817 0.0298014617067717 0.0098623267021114 0.0251689587330075 -0.0737053947834557 0.099389314894254 -0.0422369548572722 -0.0168431955178596
"294" -0.0617423860363436 0.0334719159883276 0.017002455791706 -0.0698473655329192 0.0136491710661867 -0.191806940623769 0.0153810288514153 0.0234640169899742 -0.0713055813603093 0.0615801630384961
"295" -0.0624727112633501 0.0381615427746348 0.00920887180412227 -0.026217523505666 0.0194186103487977 0.0872092506067936 0.000245843503910167 -0.0151848689016197 -0.0250024028169764 0.0469984898887399
"296" -0.0485777490238779 -0.0760317335269045 -0.105333366011062 -0.0111035660910314 0.0213731495294798 0.00280556944725319 -0.0444889641757262 -0.00788471686460492 -0.0117669822170691 0.0069567396238899
"297" -0.0623361113548668 0.0313957644111359 0.0154834489857207 -0.0724557348635207 0.0114004510667035 0.0862125835903383 0.00146091727242961 0.0168238355566108 0.06801272318888 -0.0319763314883153
"298" -0.0603807937790568 0.0264487457472162 0.014417401804192 -0.0595094540712163 -0.00224539507724454 -0.208412189816199 0.0283529497097197 0.00770270653967296 -0.0777965753149846 0.104122640677197
"299" -0.0613088806500977 0.0502726146174258 -0.0156947304149093 0.102767039900518 0.0245686775192849 0.0059305193574131 -0.0010176680136258 -0.000292879636588538 -0.0553604914679911 0.0786971750832956
"300" -0.0595958330392409 0.0225352995205877 0.00142658223611188 0.0682344617096253 0.0104429011273533 -0.0132022453807194 0.013123031835818 -0.025349213365395 0.0661137803977059 -0.0369443779530264
"301" -0.0616870634735275 0.048996732476792 -0.0129628937595804 0.0733027854886184 0.0256189878214015 0.0287300675705557 0.000734815689729556 -0.00421496468495991 -0.0557205444441155 0.0737144369857417
"302" -0.0617401660972151 0.0482394915726178 -0.01541012841663 0.0949138972702425 0.0108452595029686 0.000465799764229465 -0.00362472122816936 0.00610221167754748 -0.00153236587130843 -0.00068279439436628
"303" -0.0472533139069266 -0.0803782092389634 0.0897570622642469 0.0244294026377793 -0.00320975389547539 0.0111137937846817 0.0100416703768617 0.0140966635696399 0.014941785601501 0.0199277643006405
"304" -0.0620807109959046 0.0457176865860703 -0.0145697812383683 0.0884442558812376 0.00458002769529809 -0.00142677695718554 -0.000372587604823179 0.00473169069376649 0.0265836327325561 -0.0516967432136295
"305" -0.047038015014683 -0.084653960872036 0.0996091146482478 0.0287891334903636 0.000250642258820259 0.0170277694912805 -0.0492242324614755 0.0798995603271045 -0.0371737381510922 -0.0258829000308717
