r1	r2	r1.p.value	r2.p.value	r1*r2.p.value
3	2162	0.443095	0.001220	0.0000095110
3	4006	0.003275	0.141093	0.0000072497
5	2211	0.743645	0.454055	0.0000064251
11	4032	0.000223	0.303341	0.0000000000
20	2458	0.460719	0.892806	0.0000039737
25	2403	0.343060	0.051144	0.0000071241
36	2256	0.549568	0.318622	0.0000073082
40	2438	0.673669	0.065423	0.0000087335
43	4552	0.467616	0.012149	0.0000000000
56	1844	0.187242	0.395887	0.0000065152
56	2470	0.952971	0.288949	0.0000051949
60	921	0.260402	0.043041	0.0000018591
66	2375	0.510144	0.082322	0.0000066821
66	2419	0.485152	0.941012	0.0000037181
66	2429	0.233575	0.146187	0.0000072049
75	2355	0.517728	0.311228	0.0000022846
79	1630	0.071320	0.726538	0.0000045687
79	2270	0.051434	0.485900	0.0000086375
79	2397	0.051627	0.949057	0.0000095627
82	2352	0.137118	0.296266	0.0000050110
83	653	0.488156	0.442608	0.0000001539
83	2294	0.277252	0.633744	0.0000015818
83	2376	0.207675	0.174253	0.0000019477
83	2373	0.329525	0.289335	0.0000043937
83	2368	0.420046	0.115237	0.0000007816
83	2375	0.492302	0.109834	0.0000072041
86	2336	0.449634	0.242436	0.0000094846
86	2399	0.670250	0.857994	0.0000064745
86	2468	0.629091	0.938668	0.0000069613
87	2398	0.095344	0.869005	0.0000041590
90	2282	0.182969	0.359073	0.0000006584
90	2279	0.221073	0.450922	0.0000019073
90	2284	0.221073	0.450922	0.0000019073
90	2277	0.229970	0.636487	0.0000028242
90	2283	0.266283	0.894033	0.0000030141
90	2299	0.248922	0.889615	0.0000019793
90	2435	0.169187	0.230956	0.0000025546
92	2355	0.090047	0.362826	0.0000025359
109	239	0.906584	0.608272	0.0000023776
109	240	0.906584	0.608272	0.0000023776
131	2242	0.090953	0.437810	0.0000017914
131	2292	0.066851	0.931147	0.0000018196
131	2334	0.146254	0.248582	0.0000012366
131	2473	0.491318	0.574750	0.0000086428
140	4113	0.076924	0.002092	0.0000076396
141	2006	0.323194	0.665432	0.0000080154
141	3302	0.278558	0.306226	0.0000058490
141	3303	0.278558	0.306226	0.0000058490
141	3304	0.329462	0.904761	0.0000067456
141	3864	0.305913	0.631080	0.0000068190
144	2244	0.122862	0.027573	0.0000076356
150	1634	0.058504	0.006372	0.0000079108
150	1632	0.049162	0.001431	0.0000056923
155	498	0.068707	0.669697	0.0000008008
155	1993	0.240606	0.188799	0.0000002137
157	1461	0.270621	0.562198	0.0000068551
157	1843	0.340153	0.413077	0.0000093223
157	1859	0.237811	0.000296	0.0000027153
199	2741	0.471706	0.499938	0.0000035736
214	1609	0.227862	0.059425	0.0000026915
215	1673	0.031862	0.080530	0.0000025855
215	2004	0.274695	0.207797	0.0000000187
215	2010	0.233278	0.101815	0.0000000411
215	2722	0.099970	0.168466	0.0000035876
215	3781	0.008297	0.733525	0.0000025146
215	4169	0.096639	0.034399	0.0000019914
215	4987	0.112513	0.987349	0.0000069966
217	1651	0.064988	0.368593	0.0000025112
217	1765	0.072112	0.032344	0.0000045346
217	1888	0.035618	0.000193	0.0000021596
217	2138	0.063927	0.081654	0.0000019101
217	2166	0.051953	0.393482	0.0000047689
217	2160	0.023221	0.136646	0.0000005595
217	4091	0.024915	0.940529	0.0000011782
217	4529	0.034920	0.395228	0.0000098713
217	4531	0.024537	0.012125	0.0000064429
232	1711	0.001099	0.568128	0.0000006792
232	4300	0.016404	0.966413	0.0000019632
233	2718	0.036031	0.081836	0.0000043286
233	2979	0.045945	0.855217	0.0000069391
244	577	0.842308	0.174305	0.0000052376
244	4138	0.000039	0.025115	0.0000050054
248	869	0.121978	0.009604	0.0000001527
248	884	0.011888	0.071763	0.0000037402
248	2020	0.002151	0.115289	0.0000045265
248	2812	0.098186	0.209952	0.0000003899
248	2909	0.010385	0.022794	0.0000010629
248	2917	0.010385	0.022794	0.0000010629
248	2912	0.010385	0.022794	0.0000010629
248	2915	0.010385	0.022794	0.0000010629
248	3224	0.021960	0.215947	0.0000045638
248	3517	0.014340	0.263306	0.0000061922
248	3524	0.016190	0.389638	0.0000072525
248	3529	0.000542	0.013729	0.0000065742
248	3650	0.000179	0.000298	0.0000033166
248	3651	0.000179	0.000298	0.0000033166
248	3985	0.032093	0.981170	0.0000007561
248	4137	0.000011	0.634983	0.0000017973
248	4134	0.000011	0.634983	0.0000017973
248	4311	0.030912	0.545191	0.0000005780
248	4333	0.033663	0.401544	0.0000031323
255	1839	0.000020	0.153482	0.0000062253
255	1837	0.000025	0.561629	0.0000046912
257	1839	0.000038	0.362601	0.0000040460
261	2781	0.511371	0.005369	0.0000004135
261	2782	0.396520	0.019411	0.0000034036
267	1960	0.000191	0.843039	0.0000033065
272	976	0.043659	0.937523	0.0000044750
272	978	0.161142	0.189183	0.0000096792
272	1031	0.030225	0.019280	0.0000029893
272	1032	0.030225	0.019280	0.0000029893
276	532	0.083811	0.287361	0.0000024666
276	940	0.112484	0.790407	0.0000018605
276	1497	0.127276	0.524020	0.0000078963
276	1498	0.133311	0.392001	0.0000099308
276	2954	0.001706	0.018067	0.0000079139
277	4491	0.000997	0.096643	0.0000059735
281	937	0.027264	0.402356	0.0000096066
281	934	0.027264	0.402356	0.0000096066
281	938	0.027264	0.402356	0.0000096066
281	932	0.027264	0.402356	0.0000096066
281	931	0.027264	0.402356	0.0000096066
290	3242	0.562443	0.019077	0.0000062079
293	4755	0.118648	0.395731	0.0000061236
300	2689	0.284532	0.892413	0.0000001839
330	2485	0.002714	0.583375	0.0000046015
330	3506	0.000191	0.179405	0.0000017766
333	3604	0.320051	0.373555	0.0000085577
345	4835	0.097985	0.614511	0.0000090501
357	460	0.593930	0.458253	0.0000000000
358	564	0.335414	0.236087	0.0000076775
395	1628	0.216865	0.158431	0.0000024076
412	1730	0.009970	0.357770	0.0000064699
419	1049	0.046569	0.003915	0.0000034954
419	1315	0.059472	0.885396	0.0000051562
419	1846	0.135982	0.003200	0.0000016285
420	1126	0.092323	0.273773	0.0000039611
420	2221	0.432949	0.705887	0.0000072000
420	2866	0.181040	0.174216	0.0000087957
429	1097	0.063547	0.078345	0.0000015678
430	1060	0.065958	0.468895	0.0000077992
442	2092	0.730702	0.947842	0.0000032744
448	2025	0.356959	0.191543	0.0000041315
452	1948	0.036736	0.058929	0.0000049819
452	1946	0.042568	0.124379	0.0000092435
452	2231	0.223092	0.143901	0.0000036938
452	4572	0.316938	0.959852	0.0000026099
452	4573	0.316938	0.959852	0.0000026099
453	744	0.128901	0.137141	0.0000094860
453	2079	0.304694	0.041126	0.0000087888
453	4496	0.304238	0.901719	0.0000048392
454	730	0.305953	0.000507	0.0000015260
458	1842	0.012761	0.133065	0.0000065539
460	1640	0.225192	0.000848	0.0000085006
476	3201	0.621784	0.932291	0.0000055662
480	494	0.019555	0.041792	0.0000021421
480	492	0.019555	0.041792	0.0000021421
480	653	0.272781	0.011090	0.0000010030
480	655	0.272781	0.011090	0.0000010030
480	735	0.048898	0.388189	0.0000008228
480	1612	0.019331	0.725593	0.0000087712
480	1933	0.000232	0.461972	0.0000025670
480	1946	0.000047	0.428942	0.0000012489
480	1945	0.000130	0.506821	0.0000070712
480	1999	0.000366	0.056844	0.0000046467
480	2035	0.000038	0.157663	0.0000042205
480	2043	0.053914	0.258342	0.0000005284
480	2674	0.000050	0.517831	0.0000014977
480	2709	0.000145	0.296709	0.0000013302
480	3069	0.004264	0.116049	0.0000018469
480	3086	0.000114	0.293707	0.0000038304
480	3557	0.166870	0.441679	0.0000031824
480	3614	0.019146	0.501773	0.0000017723
480	3606	0.019146	0.501773	0.0000017723
480	4358	0.076635	0.037448	0.0000088998
486	2262	0.321469	0.568347	0.0000021776
486	2260	0.332777	0.700810	0.0000077127
486	2712	0.332260	0.255598	0.0000079471
487	2025	0.459476	0.089214	0.0000094768
487	2249	0.297600	0.213062	0.0000043079
487	2246	0.518838	0.036158	0.0000037414
491	2077	0.469037	0.123454	0.0000033108
499	2082	0.419663	0.107083	0.0000099621
500	2323	0.472193	0.025437	0.0000078173
503	3245	0.045604	0.001488	0.0000085823
505	2372	0.291927	0.019766	0.0000058857
505	2452	0.331815	0.069276	0.0000039063
505	4413	0.466030	0.415232	0.0000000414
506	2456	0.325210	0.001464	0.0000000963
520	1845	0.179175	0.224935	0.0000088873
525	1064	0.738347	0.762186	0.0000043049
525	1068	0.742716	0.970797	0.0000043229
527	2467	0.270025	0.668961	0.0000065783
528	1961	0.585740	0.855680	0.0000020113
528	2471	0.523271	0.007269	0.0000061847
528	2467	0.523271	0.007269	0.0000061847
528	2469	0.523271	0.007269	0.0000061847
528	2468	0.523271	0.007269	0.0000061847
530	2861	0.626094	0.192788	0.0000018269
533	2867	0.850682	0.200305	0.0000071291
536	4827	0.349203	0.870393	0.0000062885
541	2866	0.850682	0.200305	0.0000071291
541	2867	0.850682	0.200305	0.0000071291
541	2865	0.850682	0.200305	0.0000071291
542	2879	0.949593	0.505957	0.0000099462
543	2868	0.893605	0.788981	0.0000099874
544	1902	0.000133	0.000010	0.0000000326
544	2867	0.037657	0.326768	0.0000019208
544	2866	0.042506	0.480891	0.0000023518
554	1696	0.048620	0.322497	0.0000090871
554	1697	0.032501	0.060438	0.0000014854
554	1698	0.037208	0.186573	0.0000040067
558	4700	0.016253	0.000386	0.0000091529
564	642	0.048729	0.004731	0.0000073880
564	641	0.048729	0.004731	0.0000073880
574	3783	0.300462	0.000332	0.0000048862
577	2078	0.293806	0.352271	0.0000056375
604	1709	0.965171	0.575763	0.0000064608
610	646	0.311095	0.066294	0.0000024417
610	1681	0.493838	0.196816	0.0000088151
613	1813	0.203685	0.022565	0.0000026340
613	1808	0.194547	0.040747	0.0000033320
615	1375	0.029817	0.000449	0.0000079404
615	1363	0.031269	0.000310	0.0000078014
615	1518	0.077173	0.025638	0.0000095989
615	2699	0.099628	0.032489	0.0000095909
615	3140	0.049376	0.002012	0.0000021958
615	3135	0.049376	0.002012	0.0000021958
615	3130	0.049376	0.002012	0.0000021958
615	3132	0.049376	0.002012	0.0000021958
615	3139	0.049376	0.002012	0.0000021958
615	3136	0.049376	0.002012	0.0000021958
615	4417	0.037409	0.002629	0.0000079168
615	4693	0.066517	0.002706	0.0000063337
615	4727	0.070961	0.002533	0.0000051191
618	2690	0.688921	0.981019	0.0000002513
620	2687	0.914842	0.001862	0.0000029583
624	1526	0.795021	0.013240	0.0000014098
632	3192	0.252269	0.950445	0.0000061963
641	2692	0.084313	0.021635	0.0000003179
641	3245	0.038568	0.001019	0.0000016493
647	2867	0.862322	0.566721	0.0000002693
651	2211	0.092186	0.694580	0.0000017017
654	2095	0.742324	0.446753	0.0000094709
654	3356	0.246117	0.437624	0.0000028360
657	1963	0.035851	0.434562	0.0000026228
657	2251	0.096026	0.056527	0.0000056333
657	2466	0.018388	0.858470	0.0000053759
657	2467	0.018388	0.858470	0.0000053759
657	2464	0.018388	0.858470	0.0000053759
657	2470	0.059494	0.298584	0.0000085336
657	2471	0.019297	0.888847	0.0000052734
657	2529	0.025164	0.008539	0.0000069698
657	2681	0.042924	0.880477	0.0000063859
662	1678	0.001683	0.534327	0.0000067998
662	2866	0.297639	0.154667	0.0000037354
666	724	0.418093	0.557176	0.0000063255
670	2092	0.059623	0.495578	0.0000047071
680	1239	0.051025	0.876882	0.0000053198
680	2006	0.172508	0.153084	0.0000039305
683	2418	0.225501	0.172298	0.0000085530
685	2232	0.119081	0.457857	0.0000059422
685	3967	0.204754	0.067706	0.0000009030
685	4156	0.085298	0.883166	0.0000004603
701	3185	0.449601	0.195344	0.0000000000
704	2430	0.010456	0.152317	0.0000081484
706	2410	0.553392	0.254440	0.0000059019
708	2866	0.982648	0.157556	0.0000070068
709	2090	0.524068	0.091271	0.0000017767
709	2891	0.285119	0.701808	0.0000098559
711	2983	0.735176	0.213048	0.0000075664
719	4566	0.184891	0.006170	0.0000000001
721	2094	0.652898	0.988329	0.0000074857
727	1841	0.113514	0.080019	0.0000011207
727	1842	0.083807	0.055109	0.0000004036
727	1836	0.078631	0.031206	0.0000008054
727	2014	0.217155	0.760595	0.0000021974
728	1541	0.169066	0.628390	0.0000020123
731	1275	0.000160	0.592844	0.0000051464
731	1279	0.000160	0.592844	0.0000051464
731	1278	0.000160	0.592844	0.0000051464
731	1277	0.000160	0.592844	0.0000051464
731	1709	0.000130	0.675289	0.0000006718
731	2041	0.141498	0.256540	0.0000066743
731	2835	0.000001	0.096296	0.0000014338
731	2914	0.000227	0.180165	0.0000086435
731	2915	0.000174	0.119283	0.0000056715
731	2910	0.000174	0.119283	0.0000056715
731	2923	0.000450	0.058609	0.0000044728
731	2960	0.000041	0.863011	0.0000032184
731	2956	0.000037	0.839776	0.0000014289
731	2955	0.000028	0.462122	0.0000023029
731	3560	0.040667	0.488141	0.0000004934
731	3905	0.004430	0.896662	0.0000097054
735	1841	0.051478	0.111854	0.0000061732
735	2933	0.046436	0.863465	0.0000048206
735	2934	0.046436	0.863465	0.0000048206
735	4513	0.424610	0.323129	0.0000001402
735	4511	0.610601	0.146430	0.0000087323
744	1847	0.201842	0.104650	0.0000016518
744	1838	0.178126	0.412352	0.0000015103
744	2201	0.575591	0.054515	0.0000052712
744	2264	0.329681	0.397151	0.0000087794
745	1845	0.935098	0.100014	0.0000006555
745	4093	0.762090	0.322531	0.0000024593
745	4092	0.762090	0.322531	0.0000024593
745	4833	0.599190	0.005568	0.0000076079
746	928	0.007981	0.688609	0.0000061493
746	1563	0.000157	0.357357	0.0000089913
746	2870	0.697792	0.780575	0.0000063509
746	2939	0.937604	0.127657	0.0000073553
746	3413	0.001091	0.274914	0.0000089542
746	3429	0.001091	0.274914	0.0000089542
746	3486	0.028060	0.422236	0.0000060071
746	3967	0.007849	0.583917	0.0000025391
750	2868	0.794426	0.427412	0.0000095733
750	3573	0.061918	0.236384	0.0000084058
752	1968	0.037690	0.643350	0.0000061994
756	2045	0.052569	0.695534	0.0000069024
756	4165	0.008458	0.901808	0.0000045180
756	4167	0.009305	0.405000	0.0000022716
759	3405	0.884787	0.212507	0.0000033011
760	2362	0.041193	0.425048	0.0000031591
763	2376	0.183228	0.894112	0.0000010605
763	4475	0.521262	0.792118	0.0000063451
765	2059	0.003285	0.248142	0.0000069773
769	3404	0.377208	0.232300	0.0000058799
771	1882	0.009963	0.464264	0.0000042046
783	972	0.228592	0.575526	0.0000033423
803	2509	0.568418	0.007227	0.0000012018
803	2503	0.604353	0.153791	0.0000071817
803	2510	0.594856	0.038377	0.0000022486
818	1639	0.288192	0.002303	0.0000096603
842	2671	0.966533	0.293752	0.0000058765
872	3189	0.697511	0.937523	0.0000023676
872	3516	0.033106	0.073439	0.0000066073
872	3515	0.032921	0.063744	0.0000063824
872	3530	0.003974	0.017858	0.0000064219
876	2692	0.068144	0.012774	0.0000021831
876	2695	0.155672	0.108185	0.0000054139
876	3221	0.139395	0.383588	0.0000028458
876	3243	0.150349	0.966414	0.0000019563
876	3249	0.163308	0.670005	0.0000016580
876	3450	0.163836	0.091565	0.0000017422
876	3468	0.143394	0.646380	0.0000027574
876	3494	0.000264	0.044877	0.0000067900
884	4374	0.693896	0.000001	0.0000029830
884	4380	0.693896	0.000001	0.0000029830
884	4375	0.693896	0.000001	0.0000029830
884	4379	0.693896	0.000001	0.0000029830
884	4378	0.693896	0.000001	0.0000029830
894	3683	0.636372	0.000001	0.0000067050
895	2870	0.303868	0.718888	0.0000046232
895	3462	0.435006	0.445928	0.0000019723
907	2074	0.741021	0.704146	0.0000041821
907	3443	0.741268	0.801022	0.0000095415
907	3442	0.741268	0.801022	0.0000095415
907	3836	0.000011	0.325056	0.0000004612
908	1702	0.005171	0.612295	0.0000068661
908	1696	0.003927	0.725872	0.0000027439
908	1699	0.004550	0.870489	0.0000053555
909	1685	0.634293	0.620113	0.0000020627
909	3235	0.000003	0.375485	0.0000032681
909	3341	0.687293	0.084834	0.0000035496
911	1631	0.432095	0.887689	0.0000053644
911	3581	0.013009	0.812185	0.0000029589
915	3792	0.026646	0.101949	0.0000034821
920	1799	0.507523	0.390731	0.0000030642
937	1856	0.823775	0.203291	0.0000076073
937	1853	0.563834	0.281840	0.0000030250
937	1964	0.973377	0.229720	0.0000097814
947	1687	0.801999	0.304388	0.0000048809
953	3874	0.702470	0.995365	0.0000086304
955	2869	0.340454	0.088674	0.0000080994
979	2080	0.505602	0.066830	0.0000062457
1043	1239	0.090252	0.116022	0.0000066483
1045	3249	0.894305	0.545223	0.0000055736
1047	1630	0.900508	0.810936	0.0000055002
1050	3328	0.846877	0.363352	0.0000070464
1054	2428	0.478820	0.226693	0.0000015519
1055	1679	0.579160	0.629368	0.0000067432
1057	2438	0.482799	0.534918	0.0000027700
1057	2437	0.439830	0.121429	0.0000051182
1057	2436	0.420546	0.101007	0.0000082200
1058	1250	0.517137	0.634248	0.0000085323
1064	1434	0.118071	0.033093	0.0000058590
1064	2090	0.843850	0.881847	0.0000064585
1064	2391	0.462132	0.059819	0.0000098124
1067	4337	0.849329	0.002173	0.0000091867
1068	1383	0.305796	0.169189	0.0000036289
1071	4884	0.711965	0.772029	0.0000051446
1083	3242	0.100264	0.862982	0.0000051936
1092	1645	0.790034	0.012748	0.0000086434
1092	1646	0.790034	0.012748	0.0000086434
1092	4932	0.930195	0.008318	0.0000097781
1097	2235	0.770971	0.723716	0.0000078090
1097	2315	0.526463	0.560295	0.0000087315
1097	2415	0.609407	0.784428	0.0000075800
1100	2088	0.894295	0.332441	0.0000041926
1103	2244	0.555028	0.084485	0.0000008903
1105	2393	0.444156	0.798602	0.0000039897
1105	2403	0.788410	0.730768	0.0000063856
1108	1632	0.345487	0.003644	0.0000075045
1108	2430	0.595877	0.294100	0.0000024170
1110	2419	0.586537	0.122907	0.0000025506
1110	2416	0.613308	0.371390	0.0000014411
1111	2079	0.403255	0.218027	0.0000012554
1111	2294	0.503293	0.403401	0.0000095937
1112	1681	0.702607	0.977396	0.0000028927
1113	2434	0.399087	0.352110	0.0000045490
1114	2295	0.748461	0.645502	0.0000060439
1116	2466	0.653004	0.558325	0.0000050529
1116	2468	0.653004	0.558325	0.0000050529
1119	2469	0.749401	0.346475	0.0000093015
1119	3376	0.508269	0.293952	0.0000096618
1120	3469	0.830703	0.847279	0.0000047685
1120	3470	0.787238	0.806562	0.0000053515
1122	2429	0.636543	0.331817	0.0000045422
1134	2452	0.645498	0.266793	0.0000096162
1138	2418	0.634652	0.071494	0.0000062336
1138	2426	0.355356	0.053476	0.0000019147
1141	2442	0.108369	0.249800	0.0000063760
1142	3850	0.393870	0.018577	0.0000066639
1148	2302	0.412404	0.218066	0.0000094164
1148	2300	0.407367	0.263446	0.0000032398
1149	2441	0.306813	0.179350	0.0000067660
1151	2465	0.466305	0.846123	0.0000047289
1151	2466	0.466312	0.758526	0.0000034887
1155	2091	0.844192	0.502831	0.0000099758
1155	2334	0.363145	0.084430	0.0000018728
1155	2469	0.364603	0.025700	0.0000004783
1155	2468	0.496063	0.038140	0.0000021160
1176	1845	0.669915	0.019161	0.0000009333
1177	2435	0.912740	0.237531	0.0000071441
1177	2469	0.979998	0.166302	0.0000085724
1193	3323	0.195102	0.509082	0.0000071272
1196	2426	0.815543	0.004499	0.0000001870
1199	4186	0.246327	0.000000	0.0000003017
1206	2445	0.353047	0.088520	0.0000054672
1208	3634	0.632613	0.000002	0.0000052179
1215	2419	0.881818	0.850394	0.0000027184
1215	2421	0.927643	0.104671	0.0000040875
1215	2418	0.881818	0.850394	0.0000027184
1216	1883	0.509591	0.053819	0.0000045649
1217	2307	0.248971	0.013167	0.0000001048
1217	4715	0.130288	0.673352	0.0000096302
1220	3527	0.279531	0.273198	0.0000041058
1222	2088	0.137144	0.499704	0.0000081712
1222	2284	0.348101	0.003430	0.0000082666
1222	2790	0.492533	0.019841	0.0000053036
1224	2498	0.343613	0.000003	0.0000003267
1225	2092	0.104142	0.432543	0.0000009845
1225	2468	0.166738	0.644987	0.0000094026
1232	1878	0.965005	0.466359	0.0000024196
1232	1882	0.962782	0.798211	0.0000047735
1232	2471	0.641347	0.003972	0.0000092553
1235	2283	0.647647	0.075613	0.0000089229
1236	2281	0.404306	0.503645	0.0000039360
1236	2277	0.457650	0.279887	0.0000012159
1239	1863	0.570236	0.009687	0.0000074328
1243	2430	0.578716	0.218685	0.0000044092
1244	1882	0.922271	0.083940	0.0000068841
1248	2255	0.397840	0.206303	0.0000068528
1248	2254	0.398054	0.010986	0.0000078720
1261	1842	0.664898	0.497282	0.0000064805
1261	1840	0.639985	0.925142	0.0000068660
1261	1853	0.729146	0.327190	0.0000031143
1261	1859	0.753596	0.778556	0.0000064760
1261	4125	0.780750	0.000068	0.0000045553
1264	2366	0.835283	0.059931	0.0000035170
1264	2434	0.650529	0.381261	0.0000085871
1269	2245	0.758643	0.346234	0.0000015740
1269	2239	0.755617	0.592366	0.0000022398
1269	2240	0.772194	0.650842	0.0000025034
1269	2241	0.765843	0.685996	0.0000022023
1269	2244	0.729312	0.993900	0.0000020707
1276	2065	0.911207	0.482775	0.0000027314
1276	2068	0.905705	0.457164	0.0000026579
1276	2067	0.894658	0.475461	0.0000049018
1281	3208	0.011831	0.912946	0.0000087652
1282	3279	0.325776	0.400512	0.0000015475
1287	1964	0.739181	0.007491	0.0000017848
1287	2430	0.637508	0.126851	0.0000027951
1287	2429	0.668613	0.526868	0.0000070285
1287	2431	0.595698	0.102958	0.0000040060
1287	2495	0.757834	0.000002	0.0000002212
1287	4439	0.201909	0.005099	0.0000079263
1299	1845	0.499121	0.354753	0.0000088298
1299	1844	0.618820	0.296031	0.0000058923
1308	1891	0.869798	0.980364	0.0000099186
1308	2370	0.636730	0.439038	0.0000076548
1314	1843	0.791830	0.260327	0.0000029577
1314	3315	0.440511	0.000004	0.0000003791
1315	4090	0.497289	0.057001	0.0000077613
1316	1852	0.503922	0.390662	0.0000069325
1316	2420	0.463978	0.013759	0.0000002126
1316	2422	0.428871	0.062282	0.0000016212
1316	2429	0.457615	0.670949	0.0000015427
1316	2447	0.398288	0.019694	0.0000053755
1317	2428	0.303360	0.000422	0.0000003960
1317	2468	0.317102	0.019369	0.0000050653
1320	2791	0.702626	0.061862	0.0000042998
1320	2867	0.341616	0.276944	0.0000046853
1320	2866	0.341616	0.276944	0.0000046853
1323	1841	0.644658	0.242585	0.0000025850
1330	1695	0.593998	0.150683	0.0000048599
1330	2221	0.462574	0.167765	0.0000080862
1330	2276	0.516397	0.354973	0.0000090055
1333	3819	0.079404	0.449737	0.0000003496
1334	2248	0.193230	0.992579	0.0000034188
1336	1683	0.500795	0.000526	0.0000067199
1336	2307	0.214204	0.236521	0.0000078360
1337	2419	0.403582	0.386188	0.0000025760
1339	1875	0.938300	0.974589	0.0000040200
1342	2375	0.690441	0.294076	0.0000038095
1345	2092	0.875741	0.360826	0.0000037794
1345	2091	0.875741	0.360826	0.0000037794
1346	1424	0.957020	0.539086	0.0000082248
1347	1679	0.346557	0.601267	0.0000095274
1348	1845	0.100490	0.064440	0.0000087947
1350	3873	0.301789	0.293157	0.0000063523
1352	2778	0.932871	0.611054	0.0000002618
1352	2779	0.932871	0.611054	0.0000002618
1352	2776	0.920388	0.916559	0.0000001638
1352	3410	0.266479	0.048178	0.0000087276
1352	3409	0.266479	0.048178	0.0000087276
1352	4791	0.740638	0.952762	0.0000097015
1353	1697	0.312672	0.925615	0.0000065331
1353	1815	0.212265	0.035773	0.0000027629
1357	2856	0.000003	0.806483	0.0000045395
1358	2095	0.672605	0.773380	0.0000038499
1361	2099	0.400688	0.515937	0.0000033970
1364	3900	0.285665	0.056472	0.0000083706
1366	2864	0.277854	0.080253	0.0000004392
1366	2867	0.316596	0.963138	0.0000022431
1371	3896	0.105239	0.385600	0.0000071223
1375	2311	0.922398	0.459740	0.0000049525
1384	1838	0.988175	0.588084	0.0000027701
1384	1837	0.955099	0.569765	0.0000006210
1384	2540	0.401753	0.008740	0.0000069073
1387	2854	0.247897	0.384763	0.0000017368
1387	3825	0.328677	0.982738	0.0000058008
1388	2865	0.252242	0.867381	0.0000023230
1388	2866	0.252242	0.867381	0.0000023230
1388	2868	0.252242	0.867381	0.0000023230
1388	2867	0.252242	0.867381	0.0000023230
1388	4628	0.548174	0.801730	0.0000066273
1389	1802	0.342117	0.161648	0.0000082597
1392	1779	0.310639	0.001789	0.0000009509
1392	2867	0.291113	0.278855	0.0000044855
1407	1845	0.978071	0.233452	0.0000083851
1412	2430	0.767197	0.271380	0.0000039205
1418	1836	0.984993	0.663692	0.0000023798
1421	2221	0.608744	0.300208	0.0000045165
1422	2865	0.325099	0.273482	0.0000045998
1422	2867	0.325099	0.273482	0.0000045998
1423	1894	0.911254	0.234057	0.0000095590
1424	2867	0.325099	0.273482	0.0000045998
1430	2864	0.681329	0.321202	0.0000054672
1430	2866	0.681329	0.321202	0.0000054672
1431	1860	0.468634	0.640148	0.0000048914
1431	1868	0.423916	0.967232	0.0000003444
1431	1863	0.384600	0.441488	0.0000099042
1431	1870	0.561871	0.260216	0.0000020966
1433	1597	0.187230	0.018314	0.0000032113
1435	3939	0.214829	0.837646	0.0000065495
1435	4847	0.316898	0.045574	0.0000046199
1436	2865	0.276100	0.317557	0.0000014707
1449	1869	0.122856	0.562030	0.0000061571
1449	2867	0.587837	0.366825	0.0000035339
1453	1825	0.217152	0.340209	0.0000010766
1453	2315	0.280991	0.062314	0.0000072430
1453	2466	0.532942	0.903525	0.0000026097
1453	2469	0.523514	0.369551	0.0000042682
1456	1679	0.492820	0.192512	0.0000042947
1456	2080	0.135320	0.056341	0.0000003313
1456	2081	0.135320	0.056341	0.0000003313
1456	2079	0.184941	0.354303	0.0000001516
1463	2092	0.764123	0.842938	0.0000039075
1463	2090	0.776064	0.669681	0.0000012406
1463	2091	0.785828	0.588653	0.0000026418
1464	3878	0.407378	0.741502	0.0000088200
1468	1590	0.968729	0.002639	0.0000049335
1470	2304	0.034240	0.015010	0.0000078385
1475	2868	0.469753	0.629368	0.0000085269
1476	1604	0.734733	0.072430	0.0000060827
1479	2866	0.183629	0.024126	0.0000001195
1479	2867	0.169462	0.130257	0.0000009881
1480	2865	0.325099	0.273482	0.0000045998
1480	2866	0.325099	0.273482	0.0000045998
1480	2867	0.325099	0.273482	0.0000045998
1485	2868	0.327050	0.946151	0.0000021555
1486	2425	0.186012	0.486708	0.0000015559
1486	2462	0.591197	0.205659	0.0000009776
1486	2867	0.122989	0.673887	0.0000069149
1488	2790	0.007534	0.171199	0.0000065175
1488	2789	0.006027	0.136150	0.0000066244
1488	2863	0.519041	0.116303	0.0000003485
1488	2861	0.519041	0.116303	0.0000003485
1488	2865	0.519041	0.116303	0.0000003485
1488	3877	0.434295	0.366005	0.0000064322
1489	1837	0.309541	0.634095	0.0000074175
1489	1838	0.320075	0.516536	0.0000042575
1492	2866	0.773363	0.158078	0.0000007446
1492	2864	0.773363	0.158078	0.0000007446
1493	2875	0.562203	0.414384	0.0000044555
1494	1841	0.050357	0.821075	0.0000091614
1494	1842	0.050357	0.821075	0.0000091614
1505	2399	0.448427	0.693324	0.0000064632
1508	1704	0.735054	0.067790	0.0000080883
1510	4792	0.833397	0.003838	0.0000092136
1512	1851	0.021290	0.004159	0.0000066904
1513	1684	0.198972	0.898648	0.0000040613
1514	4090	0.651822	0.005621	0.0000003606
1521	3329	0.308339	0.022352	0.0000009907
1528	1841	0.304284	0.733847	0.0000041205
1529	1842	0.802505	0.333530	0.0000051515
1529	3288	0.553671	0.158666	0.0000052152
1529	3295	0.525531	0.177087	0.0000047201
1529	3339	0.946651	0.293422	0.0000015608
1531	2283	0.798031	0.132145	0.0000028819
1531	2280	0.798031	0.132145	0.0000028819
1531	2281	0.537992	0.290354	0.0000055383
1531	2331	0.589607	0.016058	0.0000095133
1531	2332	0.589607	0.016058	0.0000095133
1534	1830	0.289508	0.641927	0.0000038678
1554	2699	0.308793	0.905693	0.0000056054
1584	2416	0.000254	0.003029	0.0000038421
1585	1839	0.000172	0.056275	0.0000057143
1585	1835	0.000172	0.056275	0.0000057143
1585	1833	0.000172	0.056275	0.0000057143
1585	1838	0.000374	0.907745	0.0000090399
1585	1842	0.000373	0.948822	0.0000090885
1586	2078	0.029561	0.026542	0.0000010986
1587	2563	0.862741	0.000094	0.0000023722
1591	3683	0.531867	0.300933	0.0000072428
1597	1901	0.654124	0.000011	0.0000014649
1597	1906	0.446273	0.276829	0.0000044804
1600	1988	0.067106	0.208009	0.0000045358
1600	3959	0.000819	0.287068	0.0000021602
1600	3958	0.000819	0.287068	0.0000021602
1600	3961	0.000819	0.287068	0.0000021602
1600	4432	0.000942	0.006340	0.0000023159
1600	4475	0.000530	0.183001	0.0000036164
1600	4469	0.000631	0.361230	0.0000053880
1601	1838	0.057722	0.859651	0.0000082860
1601	1840	0.027423	0.893551	0.0000060501
1601	3875	0.018584	0.261379	0.0000013252
1606	3333	0.063804	0.112448	0.0000078248
1606	3330	0.063804	0.112448	0.0000078248
1606	3331	0.063804	0.112448	0.0000078248
1608	1919	0.000183	0.025393	0.0000084707
1608	1985	0.040510	0.862903	0.0000042416
1608	2866	0.028361	0.452450	0.0000045880
1609	4484	0.004657	0.818871	0.0000086349
1610	2940	0.073469	0.146368	0.0000038107
1611	1800	0.023146	0.516961	0.0000044202
1611	2957	0.111930	0.254168	0.0000085642
1611	2956	0.111930	0.254168	0.0000085642
1611	2968	0.039296	0.549277	0.0000056288
1612	1839	0.003192	0.138396	0.0000075994
1613	2970	0.000094	0.644083	0.0000092774
1613	2979	0.114191	0.007328	0.0000002505
1613	3712	0.020244	0.948383	0.0000070565
1613	4015	0.006316	0.036412	0.0000030433
1616	1842	0.163914	0.194596	0.0000091803
1616	1964	0.063620	0.003144	0.0000000555
1616	2448	0.111209	0.002833	0.0000091903
1619	1972	0.055507	0.043927	0.0000009032
1619	1995	0.088258	0.626508	0.0000069340
1627	2066	0.043805	0.161929	0.0000075847
1628	2045	0.015967	0.303524	0.0000002872
1629	1838	0.279325	0.559258	0.0000005215
1629	1961	0.748955	0.255752	0.0000099076
1629	1998	0.285587	0.092546	0.0000047656
1629	2027	0.887038	0.256935	0.0000049510
1629	2089	0.659295	0.801805	0.0000000239
1629	2090	0.471203	0.891650	0.0000022499
1633	1837	0.058110	0.086307	0.0000092921
1633	1858	0.164128	0.355139	0.0000084880
1633	1899	0.158709	0.004622	0.0000050269
1633	1901	0.200778	0.003430	0.0000063531
1633	1999	0.205195	0.023328	0.0000032605
1633	1996	0.199738	0.078576	0.0000039081
1636	2187	0.001404	0.877908	0.0000027348
1636	2787	0.031450	0.219113	0.0000029220
1636	2783	0.032558	0.214395	0.0000029160
1636	2859	0.023716	0.828386	0.0000032142
1636	2866	0.023906	0.719743	0.0000032825
1637	4470	0.000033	0.307537	0.0000035184
1639	2868	0.134935	0.982045	0.0000046014
1639	3108	0.740041	0.005300	0.0000041655
1639	3104	0.796399	0.011213	0.0000062199
1639	3155	0.015313	0.839920	0.0000075532
1639	4990	0.004974	0.702753	0.0000049390
1641	2802	0.000518	0.735783	0.0000033987
1642	4091	0.001513	0.013274	0.0000086008
1643	1755	0.000217	0.015835	0.0000027213
1643	1829	0.000430	0.089602	0.0000028914
1643	2073	0.006405	0.076082	0.0000011662
1643	2674	0.000382	0.882175	0.0000060975
1644	1759	0.003908	0.693613	0.0000014392
1644	3109	0.070123	0.357932	0.0000083742
1644	3953	0.007129	0.233604	0.0000044975
1644	3954	0.008797	0.220135	0.0000024019
1646	1716	0.012555	0.136975	0.0000026264
1646	2568	0.006621	0.420944	0.0000056582
1646	2734	0.010385	0.170982	0.0000045248
1646	3151	0.000380	0.264847	0.0000099214
1646	4474	0.009864	0.060941	0.0000072888
1646	4476	0.013455	0.058746	0.0000008043
1647	4630	0.195815	0.283166	0.0000079566
1648	3041	0.028129	0.009888	0.0000042027
1648	4579	0.003719	0.442991	0.0000011458
1651	2222	0.020526	0.819575	0.0000068094
1651	2515	0.001069	0.614585	0.0000006414
1651	2742	0.027644	0.556470	0.0000052642
1651	2740	0.021609	0.923392	0.0000044926
1651	3101	0.029407	0.300073	0.0000049487
1651	3109	0.033618	0.211257	0.0000040403
1651	3192	0.027313	0.293390	0.0000032163
1653	2464	0.001400	0.164684	0.0000030034
1654	1961	0.014713	0.721289	0.0000038942
1654	3373	0.010964	0.134759	0.0000036524
1656	1906	0.086591	0.188743	0.0000057220
1658	2006	0.112424	0.002265	0.0000018407
1658	2201	0.001109	0.013888	0.0000018221
1664	3814	0.367386	0.266745	0.0000071646
1672	1862	0.024188	0.258843	0.0000072145
1674	3775	0.605888	0.050284	0.0000015696
1674	4825	0.802601	0.503753	0.0000032524
1676	1844	0.047394	0.232525	0.0000099583
1677	4480	0.014747	0.157336	0.0000050141
1680	3296	0.089302	0.074950	0.0000055354
1682	2098	0.750338	0.770223	0.0000062520
1682	3036	0.036281	0.630454	0.0000015524
1683	3373	0.011172	0.026625	0.0000072826
1683	3376	0.011172	0.026625	0.0000072826
1683	3744	0.027936	0.116230	0.0000030118
1683	4703	0.016069	0.076226	0.0000076006
1683	4702	0.016069	0.076226	0.0000076006
1683	4700	0.016069	0.076226	0.0000076006
1684	3957	0.133542	0.000156	0.0000056825
1685	2490	0.186674	0.377201	0.0000093038
1685	4633	0.223651	0.264096	0.0000055733
1691	2684	0.200729	0.000032	0.0000055213
1693	2785	0.281426	0.640572	0.0000047736
1693	4815	0.027925	0.039317	0.0000032887
1698	1841	0.897489	0.118380	0.0000040720
1698	1839	0.897489	0.118380	0.0000040720
1698	1842	0.897489	0.118380	0.0000040720
1698	1843	0.897489	0.118380	0.0000040720
1699	4265	0.651669	0.484602	0.0000066956
1700	3237	0.186238	0.035845	0.0000024777
1701	4531	0.111435	0.014734	0.0000059111
1702	1837	0.081688	0.972220	0.0000059831
1702	1946	0.857370	0.597083	0.0000038771
1702	4948	0.453817	0.038840	0.0000052559
1705	4763	0.056592	0.848345	0.0000040885
1708	4662	0.060049	0.214829	0.0000035919
1712	2990	0.641918	0.048585	0.0000018872
1714	4865	0.017335	0.033470	0.0000044952
1715	1842	0.214517	0.334584	0.0000081275
1716	3935	0.488627	0.050560	0.0000064778
1719	2510	0.366940	0.782121	0.0000016178
1735	2507	0.269177	0.844787	0.0000073887
1741	2082	0.285534	0.138118	0.0000005646
1741	2087	0.268668	0.098085	0.0000055200
1743	1815	0.000162	0.016773	0.0000078364
1743	2309	0.488203	0.212902	0.0000039047
1743	2310	0.279656	0.039085	0.0000071333
1743	2416	0.447317	0.393191	0.0000045414
1743	2473	0.252746	0.843491	0.0000014263
1743	2476	0.259987	0.814977	0.0000048453
1743	2469	0.259987	0.814977	0.0000048453
1752	3838	0.005116	0.131047	0.0000067089
1755	1839	0.001712	0.789172	0.0000094463
1756	3960	0.003973	0.913809	0.0000067325
1761	3010	0.382539	0.004268	0.0000048767
1770	3116	0.031129	0.741446	0.0000094297
1777	2129	0.130105	0.009929	0.0000085005
1777	2464	0.517357	0.024712	0.0000019247
1787	1842	0.543828	0.036319	0.0000074228
1787	4821	0.392314	0.000684	0.0000069445
1791	2367	0.182944	0.007949	0.0000083350
1797	2242	0.446504	0.333358	0.0000058549
1797	4790	0.115623	0.000832	0.0000081364
1797	4791	0.115623	0.000832	0.0000081364
1805	3410	0.149218	0.042182	0.0000030546
1810	2500	0.000734	0.582543	0.0000036357
1810	3897	0.002355	0.080127	0.0000035701
1810	4731	0.012706	0.108058	0.0000080389
1811	4559	0.004542	0.191393	0.0000024640
1819	4605	0.063557	0.583453	0.0000064330
1822	4827	0.110981	0.051270	0.0000024987
1830	1893	0.700751	0.129051	0.0000061011
1837	2554	0.070695	0.003258	0.0000009701
1838	2092	0.000023	0.742782	0.0000071201
1863	3285	0.053137	0.242998	0.0000082046
1867	3055	0.000001	0.024866	0.0000007610
1884	2368	0.204387	0.583498	0.0000098271
1885	1999	0.000004	0.058646	0.0000051994
1889	3867	0.100855	0.309798	0.0000002797
1903	3359	0.141790	0.890746	0.0000068964
1911	2197	0.911902	0.020202	0.0000041765
1911	2982	0.661479	0.914415	0.0000071741
1912	2231	0.647414	0.102740	0.0000088076
1912	2867	0.859974	0.158811	0.0000065841
1923	1989	0.255215	0.333928	0.0000022213
1923	2786	0.132948	0.006070	0.0000002981
1924	2866	0.755963	0.226179	0.0000057143
1928	2868	0.671890	0.157037	0.0000062619
1928	2867	0.671890	0.157037	0.0000062619
1932	4092	0.196176	0.010463	0.0000080709
1935	2866	0.644595	0.436823	0.0000074577
1935	2867	0.644595	0.436823	0.0000074577
1939	2988	0.714510	0.301424	0.0000090096
1939	2990	0.704371	0.083378	0.0000060624
1939	2985	0.761648	0.169195	0.0000077673
1939	2993	0.704371	0.083378	0.0000060624
1939	2989	0.707120	0.089101	0.0000058433
1941	2976	0.654262	0.518120	0.0000081125
1941	2987	0.679301	0.535809	0.0000039222
1943	2167	0.780523	0.000418	0.0000094098
1943	2161	0.780523	0.000418	0.0000094098
1943	2163	0.780523	0.000418	0.0000094098
1943	2166	0.780523	0.000418	0.0000094098
1943	2168	0.780523	0.000418	0.0000094098
1943	2169	0.780523	0.000418	0.0000094098
1945	3328	0.949388	0.356160	0.0000017982
1948	2865	0.044379	0.302781	0.0000015688
1948	2867	0.044379	0.302781	0.0000015688
1948	2866	0.044379	0.302781	0.0000015688
1952	1965	0.140008	0.673688	0.0000080085
1956	2164	0.386906	0.261170	0.0000088459
1956	2163	0.386906	0.261170	0.0000088459
1956	2867	0.254106	0.021165	0.0000021981
1968	1989	0.929237	0.508444	0.0000047253
1969	1989	0.930657	0.477533	0.0000042626
1977	2867	0.156044	0.253250	0.0000095262
1985	2544	0.038254	0.000020	0.0000004050
1985	2546	0.038254	0.000020	0.0000004050
1985	2563	0.162939	0.003106	0.0000095430
1985	2564	0.162939	0.003106	0.0000095430
1986	2867	0.617219	0.527277	0.0000077449
1986	2866	0.617219	0.527277	0.0000077449
1986	2868	0.617219	0.527277	0.0000077449
1989	2301	0.059161	0.202667	0.0000034184
1989	2300	0.058744	0.253329	0.0000035788
1993	3822	0.206226	0.103407	0.0000074942
1998	2870	0.175064	0.315837	0.0000076791
1998	3339	0.904736	0.765871	0.0000071303
2000	2867	0.038727	0.352788	0.0000029667
2013	2695	0.119683	0.152406	0.0000088149
2016	2690	0.639265	0.957020	0.0000088862
2036	3209	0.008143	0.237650	0.0000085228
2039	2132	0.139489	0.025752	0.0000023631
2040	3242	0.786509	0.697561	0.0000074741
2043	3239	0.551252	0.873170	0.0000065863
2044	4344	0.653353	0.024479	0.0000054184
2046	2867	0.354513	0.156859	0.0000053853
2047	2237	0.443589	0.152288	0.0000058456
2047	2240	0.436324	0.056676	0.0000063494
2047	2866	0.081799	0.424014	0.0000063484
2047	2867	0.081799	0.424014	0.0000063484
2047	3776	0.816729	0.829742	0.0000072081
2062	3039	0.005562	0.000058	0.0000038170
2062	3528	0.347112	0.413695	0.0000097104
2062	4142	0.359574	0.772767	0.0000012671
2062	4143	0.359574	0.772767	0.0000012671
2062	4139	0.359574	0.772767	0.0000012671
2062	4141	0.359574	0.772767	0.0000012671
2062	4166	0.381765	0.970390	0.0000022005
2066	2934	0.163254	0.984160	0.0000072841
2070	2933	0.028567	0.874009	0.0000034127
2070	2934	0.023580	0.595967	0.0000023645
2070	2935	0.026625	0.746282	0.0000027822
2070	2956	0.020567	0.104789	0.0000027089
2070	4055	0.002884	0.020713	0.0000049992
2070	4563	0.000171	0.714476	0.0000077052
2071	2690	0.551100	0.123594	0.0000000693
2071	2692	0.420542	0.732014	0.0000001613
2071	2699	0.486563	0.147081	0.0000000582
2071	2695	0.486563	0.147081	0.0000000582
2071	2697	0.486563	0.147081	0.0000000582
2071	3813	0.475573	0.754955	0.0000000033
2071	4358	0.289266	0.071635	0.0000023364
2072	2561	0.510350	0.262215	0.0000071345
2072	2566	0.160972	0.271246	0.0000077258
2072	2565	0.160972	0.271246	0.0000077258
2072	2564	0.160972	0.271246	0.0000077258
2072	2567	0.160972	0.271246	0.0000077258
2073	2292	0.250474	0.000100	0.0000065636
2074	2868	0.055004	0.768225	0.0000017993
2086	3286	0.673619	0.514457	0.0000099443
2086	3874	0.080119	0.991518	0.0000081045
2087	2220	0.937034	0.284063	0.0000066878
2087	2217	0.965678	0.315416	0.0000018539
2089	2749	0.815688	0.505156	0.0000057023
2099	4532	0.330951	0.880496	0.0000068387
2107	2860	0.087256	0.558348	0.0000026954
2107	3878	0.007515	0.911749	0.0000008803
2115	3053	0.000790	0.910203	0.0000044084
2115	3055	0.001252	0.851893	0.0000057460
2120	2854	0.000025	0.996234	0.0000025970
2120	2856	0.000025	0.996234	0.0000025970
2120	2855	0.000025	0.996234	0.0000025970
2122	3243	0.270510	0.650236	0.0000037116
2128	2859	0.228231	0.012722	0.0000061495
2128	2867	0.182171	0.158669	0.0000079362
2131	2857	0.000049	0.883051	0.0000019318
2134	2855	0.000024	0.551414	0.0000029396
2145	2835	0.000001	0.723802	0.0000038010
2145	2832	0.000001	0.949198	0.0000028517
2145	2856	0.000003	0.860450	0.0000081754
2147	2856	0.000056	0.586371	0.0000026211
2147	3385	0.493537	0.122555	0.0000003584
2147	3387	0.642643	0.066176	0.0000010678
2151	2850	0.000001	0.867401	0.0000036159
2151	2855	0.000001	0.072125	0.0000030575
2152	4505	0.023922	0.955085	0.0000054641
2154	3414	0.161472	0.099312	0.0000072490
2157	2850	0.000004	0.081249	0.0000037573
2157	2855	0.000004	0.081249	0.0000037573
2157	2854	0.000004	0.081249	0.0000037573
2158	4092	0.718887	0.091543	0.0000028493
2159	2830	0.000002	0.063361	0.0000001565
2160	2855	0.000002	0.775370	0.0000058414
2161	3899	0.054265	0.004834	0.0000061878
2164	2856	0.000060	0.844072	0.0000020000
2168	2262	0.465093	0.203821	0.0000072527
2168	2419	0.167254	0.001321	0.0000001862
2168	2856	0.000012	0.885803	0.0000027235
2169	3777	0.005662	0.973960	0.0000078053
2169	3778	0.005637	0.952004	0.0000077972
2169	3780	0.005674	0.937118	0.0000078062
2169	4170	0.005893	0.767676	0.0000074773
2169	4169	0.005893	0.767676	0.0000074773
2169	4172	0.005893	0.767676	0.0000074773
2169	4173	0.005893	0.767676	0.0000074773
2169	4298	0.005850	0.134067	0.0000076389
2169	4296	0.005187	0.042938	0.0000082121
2169	4367	0.004878	0.309414	0.0000064091
2174	2855	0.000004	0.693678	0.0000008239
2184	4395	0.354032	0.246957	0.0000019219
2187	4416	0.113008	0.413471	0.0000005086
2192	2313	0.382207	0.012922	0.0000035923
2205	3826	0.000936	0.665376	0.0000062351
2205	4345	0.000799	0.615802	0.0000048593
2214	3581	0.000153	0.382602	0.0000016780
2214	3583	0.000632	0.638221	0.0000012297
2214	3678	0.000007	0.230573	0.0000007050
2215	3671	0.001045	0.675210	0.0000018207
2215	3672	0.001186	0.354304	0.0000015245
2215	3768	0.002798	0.977028	0.0000090453
2217	3842	0.000571	0.058369	0.0000079586
2224	3056	0.056728	0.026291	0.0000079918
2224	3788	0.083529	0.005658	0.0000086123
2229	4593	0.003680	0.099260	0.0000025698
2231	3166	0.104872	0.000229	0.0000019565
2244	4092	0.393798	0.022322	0.0000020026
2253	2473	0.990017	0.149164	0.0000019512
2262	2411	0.002303	0.754236	0.0000058707
2272	4093	0.514682	0.166999	0.0000022238
2296	2743	0.850422	0.000138	0.0000078077
2318	2475	0.764374	0.000181	0.0000050223
2333	4089	0.919163	0.127937	0.0000065833
2337	4088	0.388091	0.030787	0.0000020657
2338	3292	0.039987	0.938418	0.0000068641
2343	3004	0.780427	0.055700	0.0000094696
2349	2469	0.402435	0.011794	0.0000065923
2352	3110	0.005903	0.071181	0.0000082341
2363	4291	0.000009	0.262259	0.0000053483
2369	3083	0.000428	0.019679	0.0000023084
2374	3876	0.036448	0.491048	0.0000065337
2375	3079	0.477444	0.804150	0.0000033481
2382	2870	0.071430	0.176314	0.0000073730
2384	3142	0.000954	0.003250	0.0000077598
2389	3246	0.904531	0.521086	0.0000000586
2392	2647	0.529742	0.010312	0.0000083823
2393	2990	0.524966	0.163577	0.0000032871
2393	2983	0.524966	0.163577	0.0000032871
2395	3237	0.866669	0.941739	0.0000006784
2399	4121	0.517898	0.033241	0.0000050200
2418	3821	0.000064	0.264561	0.0000070081
2418	3822	0.000064	0.264561	0.0000070081
2424	4409	0.071168	0.000268	0.0000094699
2452	3830	0.000114	0.352161	0.0000013774
2454	2701	0.005490	0.098390	0.0000050289
2459	3352	0.698950	0.070816	0.0000025600
2459	3353	0.698950	0.070816	0.0000025600
2460	3798	0.001217	0.119013	0.0000000554
2462	2933	0.003479	0.222575	0.0000023068
2462	2934	0.004323	0.921710	0.0000098874
2462	3030	0.004398	0.947444	0.0000051063
2462	3032	0.004500	0.818705	0.0000051160
2462	3029	0.005613	0.624229	0.0000044473
2462	3028	0.004307	0.724908	0.0000047442
2462	3041	0.006735	0.129111	0.0000072473
2473	3873	0.888079	0.029557	0.0000078025
2475	2867	0.001149	0.731652	0.0000024595
2477	2791	0.000807	0.005414	0.0000019523
2477	4566	0.018946	0.524086	0.0000072230
2478	2867	0.017820	0.753169	0.0000078769
2479	2786	0.479625	0.002352	0.0000071624
2485	2912	0.007600	0.719523	0.0000023812
2488	3100	0.007302	0.858238	0.0000082696
2496	2856	0.000008	0.756763	0.0000024288
2496	2866	0.295952	0.014205	0.0000001201
2502	2867	0.142300	0.853143	0.0000050945
2507	4014	0.678171	0.394616	0.0000038483
2511	2544	0.202476	0.497762	0.0000083180
2511	3875	0.000025	0.188486	0.0000019127
2516	2856	0.000005	0.834553	0.0000034006
2519	2854	0.000004	0.464432	0.0000041425
2519	3292	0.065249	0.612576	0.0000031782
2523	2979	0.016918	0.002982	0.0000008504
2523	3635	0.076237	0.538066	0.0000039901
2525	3633	0.076237	0.538066	0.0000039901
2532	2854	0.000004	0.831413	0.0000038072
2532	2855	0.000004	0.831413	0.0000038072
2533	3824	0.218376	0.062614	0.0000045217
2533	3953	0.002036	0.901535	0.0000007105
2535	3635	0.024833	0.491254	0.0000023429
2535	4163	0.000678	0.302085	0.0000027060
2535	4991	0.028487	0.493966	0.0000018551
2541	4475	0.015397	0.616052	0.0000040770
2546	2867	0.039544	0.776648	0.0000067900
2546	3630	0.042405	0.461664	0.0000017540
2546	3631	0.042405	0.461664	0.0000017540
2546	3632	0.042405	0.461664	0.0000017540
2546	3918	0.000299	0.820377	0.0000030452
2546	4295	0.000171	0.014527	0.0000085287
2546	4378	0.023260	0.627223	0.0000034786
2547	3676	0.030865	0.657903	0.0000022988
2555	4193	0.305858	0.394678	0.0000006565
2565	2831	0.001025	0.147648	0.0000008362
2565	2830	0.001014	0.157339	0.0000008240
2565	3557	0.003307	0.164366	0.0000011154
2565	3635	0.000178	0.642857	0.0000047724
2565	3629	0.000178	0.642857	0.0000047724
2567	2867	0.029232	0.888787	0.0000022530
2571	4510	0.476212	0.578937	0.0000001193
2586	2692	0.000572	0.578202	0.0000039334
2586	3116	0.020200	0.696991	0.0000020070
2586	3896	0.000577	0.602332	0.0000043734
2586	3890	0.000483	0.470327	0.0000033405
2586	4150	0.000052	0.456071	0.0000005803
2648	3192	0.000133	0.012851	0.0000072199
2652	2848	0.000014	0.455210	0.0000023032
2669	2867	0.396283	0.703143	0.0000001334
2670	3893	0.301345	0.715736	0.0000041715
2670	4094	0.146514	0.161078	0.0000083736
2671	3814	0.048231	0.007256	0.0000089485
2671	4091	0.144759	0.072026	0.0000080664
2673	2697	0.000032	0.076632	0.0000088074
2673	2696	0.000032	0.076632	0.0000088074
2675	2864	0.278328	0.140996	0.0000044623
2675	2866	0.316687	0.578574	0.0000064542
2693	2865	0.352014	0.300419	0.0000001732
2693	2866	0.352014	0.300419	0.0000001732
2693	2867	0.352014	0.300419	0.0000001732
2695	2864	0.000001	0.433116	0.0000008322
2695	2866	0.623598	0.209888	0.0000075822
2697	3122	0.574652	0.649148	0.0000047492
2697	3161	0.669008	0.149111	0.0000037188
2699	3122	0.423416	0.658034	0.0000030665
2707	2856	0.000022	0.843056	0.0000016800
2707	3812	0.000343	0.534444	0.0000020896
2712	3772	0.626282	0.373335	0.0000047654
2712	4095	0.800329	0.748699	0.0000044398
2712	4091	0.800329	0.748699	0.0000044398
2725	4093	0.111101	0.262814	0.0000052695
2726	2856	0.000015	0.844636	0.0000017154
2729	2853	0.000002	0.910787	0.0000012850
2731	2854	0.000019	0.815304	0.0000013692
2731	2857	0.000019	0.815304	0.0000013692
2733	2856	0.000008	0.836728	0.0000031732
2743	3392	0.048265	0.312138	0.0000029463
2745	2856	0.000001	0.874672	0.0000047034
2745	3292	0.007677	0.553547	0.0000013115
2751	2874	0.726251	0.263148	0.0000000462
2754	2853	0.000002	0.267978	0.0000048136
2754	2852	0.000003	0.128620	0.0000067549
2754	4042	0.002258	0.733152	0.0000032388
2781	3304	0.354590	0.094150	0.0000062025
2784	2789	0.000007	0.837891	0.0000063079
2789	3488	0.548565	0.903103	0.0000038841
2812	4753	0.957231	0.000003	0.0000028281
2819	3825	0.472850	0.000213	0.0000034280
2819	3824	0.424855	0.055762	0.0000032524
2821	2930	0.705458	0.217205	0.0000045450
2830	4799	0.419685	0.017955	0.0000028747
2848	4392	0.881751	0.000001	0.0000075116
2848	4394	0.896693	0.000003	0.0000019261
2851	3229	0.348735	0.036765	0.0000000000
2856	3226	0.890747	0.000018	0.0000021124
2856	4167	0.919156	0.000036	0.0000034816
2856	4190	0.849303	0.000015	0.0000035574
2856	4194	0.901756	0.000002	0.0000047573
2856	4241	0.833338	0.000024	0.0000034174
2856	4242	0.833338	0.000024	0.0000034174
2856	4244	0.833338	0.000024	0.0000034174
2856	4247	0.825619	0.000011	0.0000032852
2856	4245	0.833338	0.000024	0.0000034174
2856	4243	0.833338	0.000024	0.0000034174
2856	4288	0.975921	0.000001	0.0000043122
2856	4289	0.996983	0.000004	0.0000035026
2856	4290	0.996983	0.000004	0.0000035026
2856	4313	0.909533	0.000014	0.0000035055
2856	4338	0.949472	0.000001	0.0000048351
2856	4337	0.949472	0.000001	0.0000048351
2856	4339	0.949472	0.000001	0.0000048351
2856	4753	0.828432	0.000004	0.0000037863
2867	2876	0.373350	0.016898	0.0000011682
2867	2880	0.440531	0.021690	0.0000012007
2867	2933	0.558346	0.020273	0.0000010325
2867	2979	0.839177	0.013982	0.0000036327
2867	3020	0.587188	0.762037	0.0000000089
2867	3025	0.586695	0.587751	0.0000000078
2867	3028	0.575890	0.464919	0.0000000070
2867	3056	0.974015	0.029459	0.0000007587
2867	3069	0.704304	0.019652	0.0000010934
2867	3071	0.459806	0.001826	0.0000089616
2867	3105	0.193848	0.110098	0.0000024504
2867	3106	0.224320	0.318671	0.0000038966
2867	3119	0.000003	0.583147	0.0000047991
2867	3126	0.000003	0.489678	0.0000043378
2867	3127	0.000003	0.561275	0.0000046927
2867	3148	0.000003	0.474363	0.0000042385
2867	3153	0.365875	0.126874	0.0000029233
2867	3205	0.000010	0.861355	0.0000070608
2867	3207	0.415136	0.982380	0.0000064105
2867	3262	0.779008	0.977422	0.0000081702
2867	3387	0.395829	0.898034	0.0000014242
2867	3388	0.395829	0.898034	0.0000014242
2867	3753	0.830948	0.897180	0.0000029546
2867	3775	0.474266	0.690174	0.0000017433
2867	3831	0.459005	0.297712	0.0000070230
2867	3835	0.459005	0.297712	0.0000070230
2867	3832	0.308528	0.968724	0.0000002953
2867	3842	0.519202	0.128145	0.0000000711
2867	3866	0.296956	0.798919	0.0000002833
2867	3917	0.189346	0.558365	0.0000068170
2867	3920	0.194550	0.382762	0.0000049300
2867	3923	0.189346	0.558365	0.0000068170
2867	3924	0.189346	0.558365	0.0000068170
2867	3930	0.177413	0.535307	0.0000041779
2867	3932	0.195896	0.465223	0.0000045222
2867	3936	0.296253	0.520635	0.0000002959
2867	3944	0.274127	0.369447	0.0000005145
2867	3954	0.159897	0.088009	0.0000000288
2867	3955	0.181838	0.176775	0.0000000345
2867	3953	0.159897	0.088009	0.0000000288
2867	3949	0.181838	0.176775	0.0000000345
2867	4154	0.596607	0.064938	0.0000001124
2867	4161	0.595678	0.818023	0.0000000096
2867	4175	0.416792	0.101216	0.0000001789
2867	4190	0.279575	0.688723	0.0000024415
2867	4302	0.336104	0.009650	0.0000041334
2867	4415	0.564578	0.000181	0.0000000395
2867	4587	0.424319	0.962559	0.0000000550
2867	4616	0.612677	0.441602	0.0000010628
2867	4623	0.552664	0.006852	0.0000096544
2867	4783	0.395763	0.433568	0.0000012695
2867	4895	0.378270	0.113752	0.0000007990
2867	4913	0.324436	0.233665	0.0000003504
2867	4976	0.305606	0.285178	0.0000003630
2867	4974	0.306079	0.336537	0.0000003629
2867	4981	0.414549	0.584784	0.0000000765
2907	2979	0.481931	0.000178	0.0000092470
2909	3328	0.235456	0.326904	0.0000079931
2933	4422	0.013878	0.764306	0.0000046254
2933	4418	0.019918	0.736601	0.0000046249
2934	4420	0.007773	0.734585	0.0000094279
2946	3267	0.083123	0.000982	0.0000019140
2957	3328	0.050983	0.012431	0.0000070467
2966	3771	0.606794	0.020792	0.0000071304
2979	3061	0.009066	0.044964	0.0000053795
2979	3321	0.001236	0.085666	0.0000045526
2979	3579	0.249563	0.914959	0.0000008336
2979	4944	0.001413	0.032560	0.0000085177
2979	4946	0.001413	0.032560	0.0000085177
2979	4947	0.001413	0.032560	0.0000085177
3007	4090	0.008011	0.524581	0.0000038305
3017	4089	0.086689	0.681598	0.0000051007
3023	4418	0.030892	0.331969	0.0000022022
3023	4417	0.031402	0.263983	0.0000019774
3026	3385	0.079447	0.020691	0.0000016636
3026	3386	0.099199	0.031145	0.0000059221
3026	4176	0.325856	0.051191	0.0000022668
3026	4849	0.186118	0.392278	0.0000050346
3044	3244	0.169126	0.653286	0.0000056014
3045	4179	0.041720	0.039263	0.0000016768
3055	3823	0.018590	0.061227	0.0000059802
3057	4345	0.059912	0.475961	0.0000081667
3061	4124	0.629691	0.024620	0.0000020821
3061	4125	0.629691	0.024620	0.0000020821
3061	4127	0.741212	0.105897	0.0000061996
3069	3320	0.010949	0.032590	0.0000081004
3069	4141	0.171292	0.524648	0.0000052479
3069	4152	0.089058	0.974737	0.0000039311
3069	4150	0.089058	0.974737	0.0000039311
3069	4168	0.168944	0.490435	0.0000048878
3069	4796	0.161809	0.418314	0.0000011610
3069	4815	0.069071	0.102092	0.0000060558
3075	3411	0.368869	0.580837	0.0000083313
3119	3217	0.583887	0.949391	0.0000040089
3119	3223	0.647621	0.670438	0.0000045000
3119	3218	0.596224	0.951691	0.0000040978
3119	3224	0.684888	0.328065	0.0000050258
3119	3219	0.525970	0.426476	0.0000035646
3122	3244	0.742873	0.669917	0.0000041361
3122	3247	0.742873	0.669917	0.0000041361
3122	3242	0.742873	0.669917	0.0000041361
3122	3234	0.742873	0.669917	0.0000041361
3126	3241	0.776693	0.101421	0.0000038150
3130	3304	0.866330	0.340679	0.0000097443
3132	3218	0.780596	0.792519	0.0000047602
3132	3219	0.803359	0.528550	0.0000048271
3154	3237	0.735808	0.082570	0.0000036219
3154	3241	0.619705	0.503288	0.0000041222
3154	3243	0.643795	0.754606	0.0000039567
3154	3242	0.604160	0.328557	0.0000040646
3154	3239	0.619705	0.503288	0.0000041222
3156	3320	0.009683	0.006423	0.0000080227
3160	4157	0.041353	0.015640	0.0000054259
3168	3216	0.701827	0.848032	0.0000044912
3182	3249	0.615356	0.515606	0.0000038933
3186	3461	0.856992	0.210312	0.0000051254
3187	3194	0.624616	0.938004	0.0000071210
3187	3196	0.624616	0.938004	0.0000071210
3189	3241	0.920854	0.958560	0.0000052155
3195	3241	0.502870	0.984833	0.0000036814
3225	3533	0.053876	0.881699	0.0000079282
3242	3899	0.765072	0.745787	0.0000092889
3245	3338	0.986126	0.031643	0.0000096313
3245	3579	0.871961	0.151134	0.0000097835
3245	4370	0.827601	0.004113	0.0000043579
3245	4432	0.953364	0.000949	0.0000021556
3261	3816	0.780618	0.000025	0.0000053849
3266	3634	0.517419	0.327263	0.0000072325
3267	3600	0.487521	0.488295	0.0000055560
3267	3635	0.303581	0.848186	0.0000000519
3272	4208	0.599808	0.968028	0.0000067778
3281	3359	0.000355	0.540151	0.0000035507
3286	3813	0.027378	0.000116	0.0000022746
3288	4723	0.108344	0.027144	0.0000059328
3319	3832	0.002384	0.057656	0.0000069271
3319	4433	0.141088	0.000293	0.0000046794
3320	3421	0.100178	0.158804	0.0000013360
3320	3420	0.100178	0.158804	0.0000013360
3320	3419	0.100178	0.158804	0.0000013360
3320	3840	0.087297	0.098290	0.0000099720
3320	3933	0.095677	0.018607	0.0000084052
3320	4402	0.143581	0.446839	0.0000075270
3324	3886	0.417787	0.001347	0.0000035300
3324	4328	0.117376	0.177083	0.0000033670
3324	4392	0.175028	0.287413	0.0000046499
3324	4389	0.083670	0.168351	0.0000002022
3328	4644	0.345825	0.896603	0.0000023018
3328	4650	0.296757	0.043359	0.0000060235
3329	4093	0.137976	0.125843	0.0000073959
3332	4792	0.096626	0.815098	0.0000016094
3342	4175	0.064171	0.023864	0.0000010305
3363	3399	0.141965	0.691228	0.0000019638
3363	3403	0.152785	0.718486	0.0000059309
3363	3401	0.152785	0.718486	0.0000059309
3369	3896	0.012704	0.007170	0.0000042978
3387	4710	0.555938	0.028152	0.0000023610
3388	3671	0.594140	0.816726	0.0000037316
3391	3401	0.071395	0.075439	0.0000086194
3414	4088	0.230652	0.039840	0.0000069484
3414	4081	0.243905	0.034736	0.0000072300
3414	4087	0.210087	0.046351	0.0000089282
3424	4295	0.901791	0.321569	0.0000087394
3446	3822	0.823064	0.078136	0.0000026845
3453	3812	0.544011	0.391163	0.0000026298
3453	3889	0.261247	0.812453	0.0000053383
3454	3676	0.673506	0.196742	0.0000003299
3454	3674	0.475091	0.524187	0.0000025021
3462	3480	0.000038	0.083598	0.0000033813
3462	3807	0.310225	0.062571	0.0000055217
3462	4103	0.000048	0.378053	0.0000036429
3462	4481	0.497010	0.647356	0.0000061941
3468	3815	0.521290	0.104665	0.0000028372
3468	4091	0.025201	0.895621	0.0000006024
3470	4075	0.806157	0.192685	0.0000062591
3470	4085	0.819592	0.155714	0.0000060123
3474	4922	0.585011	0.300289	0.0000075434
3511	3539	0.000411	0.396637	0.0000094904
3511	4459	0.003968	0.088814	0.0000065614
3511	4833	0.003192	0.439870	0.0000069146
3518	4789	0.472635	0.759001	0.0000096549
3546	3664	0.020828	0.747840	0.0000008705
3622	3765	0.413170	0.319601	0.0000026623
3667	4073	0.000304	0.008618	0.0000043592
3706	4153	0.385088	0.230689	0.0000049107
3769	4064	0.024757	0.005392	0.0000065611
3769	4506	0.002725	0.152867	0.0000008369
3777	4362	0.129014	0.080670	0.0000014563
3777	4447	0.000973	0.897616	0.0000040144
3786	3879	0.185279	0.465289	0.0000020745
3786	4092	0.029175	0.279792	0.0000016614
3786	4718	0.000475	0.439567	0.0000036556
3789	4305	0.008559	0.477815	0.0000037619
3791	3817	0.117410	0.399056	0.0000042174
3791	3807	0.117410	0.399056	0.0000042174
3791	4910	0.003044	0.047676	0.0000054407
3792	4914	0.015311	0.067747	0.0000040650
3797	4414	0.713662	0.000302	0.0000011952
3807	4093	0.001224	0.024475	0.0000005265
3809	4792	0.014993	0.285428	0.0000090106
3811	4354	0.447775	0.002827	0.0000079030
3811	4353	0.447775	0.002827	0.0000079030
3848	4092	0.000689	0.026916	0.0000039500
3848	4090	0.000689	0.026916	0.0000039500
3850	4093	0.000046	0.100331	0.0000079833
3881	4184	0.008905	0.364857	0.0000073737
3881	4185	0.007256	0.210514	0.0000061141
3882	3901	0.088858	0.078131	0.0000092499
3882	4261	0.088876	0.445169	0.0000087502
3885	4088	0.000171	0.554175	0.0000024563
3885	4089	0.000511	0.026925	0.0000033528
3885	4095	0.000310	0.071341	0.0000031181
3885	4091	0.000104	0.179146	0.0000010530
3885	4092	0.000123	0.269603	0.0000010663
3897	4243	0.006012	0.000227	0.0000076300
3919	4411	0.580133	0.739886	0.0000051724
3925	4510	0.197091	0.126296	0.0000008675
3925	4509	0.280156	0.081468	0.0000015600
3925	4511	0.315725	0.143582	0.0000007473
3928	4095	0.062739	0.026394	0.0000071907
3961	4190	0.847307	0.422860	0.0000060761
3961	4191	0.847307	0.422860	0.0000060761
3961	4192	0.847307	0.422860	0.0000060761
3977	4421	0.190257	0.000899	0.0000001321
3977	4417	0.314748	0.166919	0.0000006344
3977	4821	0.358231	0.572141	0.0000047502
3977	4823	0.452071	0.208241	0.0000037981
3993	4156	0.000026	0.038538	0.0000058978
4064	4152	0.088515	0.807965	0.0000037242
4087	4171	0.004182	0.489274	0.0000046642
4094	4735	0.012505	0.051441	0.0000086908
4150	4263	0.000020	0.519176	0.0000080451
4150	4327	0.000022	0.241757	0.0000080436
4150	4342	0.000012	0.164213	0.0000026520
4150	4674	0.000017	0.726762	0.0000075940
4150	4695	0.000013	0.546756	0.0000062178
4150	4683	0.000013	0.546756	0.0000062178
4150	4678	0.000013	0.546756	0.0000062178
4192	4295	0.000000	0.210960	0.0000011791
4198	4524	0.003600	0.550644	0.0000041671
4198	4856	0.010470	0.128468	0.0000080950
4293	4589	0.177375	0.047929	0.0000056175
4414	4779	0.156071	0.054892	0.0000039739
4415	4543	0.144537	0.898493	0.0000045707
4508	4782	0.000801	0.137867	0.0000059317
4657	4824	0.701830	0.000128	0.0000038238
4779	4850	0.016548	0.516094	0.0000049180
4779	4846	0.016548	0.516094	0.0000049180
4779	4841	0.016773	0.526000	0.0000081438
4779	4847	0.016773	0.526000	0.0000081438
4903	4996	0.951326	0.035345	0.0000001737
4903	4997	0.951326	0.035345	0.0000001737
4906	4987	0.000000	0.088636	0.0000003693
