64 66 67 70 73
74 75 55 73 75
65 67 73 82 76
75 76 78 63 76
46 63 71 64 65
76 64 77 78 66
66 76 77 70 68
75 80 74 76 77
79 73 78 78 73
77 72 77 67 110
78 73 78 78 78
72 74 84 78 79
80 78 79 78 80
75 46 74 64 72
84 53 80 65 80
77 65 79 66 76
80 80 77 76 68
80 66 69 78 64
76 97 80 79 79
64 78 64 77 80
80 67 78 96 72
77 78 78 60 78
78 91 65 78 66
67 76 66 73 79
77 72 77 80 61
55 66 79 75 78
76 67 71 76 66
78 84 77 77 76
66 78 70 80 73
70 78 52 65 60
65 80 65 64 67
77 58 66 61 67
76 66 77 77 52
76 66 53 79 78
68 68 60 75 77
67 78 66 72 66
65 66 63 62 78
74 65 78 67 57
79 78 74 67 77
56 54 56 65 61
70 67 67 78 58
67 60 67 67 67
63 75 79 77 78
76 77 71 77 58
75 69 78 78 65
65 68 80 68 39
69 78 66 70 77
77 70 71 66 77
78 57 77 80 62
69 68 101 76 74
67 76 78 76 74
67 78 68 81 67
62 77 65 79 78
74 78 65 77 50
65 82 70 77 77
66 50 76 65 65
78 70 77 79 76
80 78 79 76 67
57 78 54 71 78
64 76 79 71 62
66 66 73 55 80
